0 0.957812 0.036719 0.028125 0.017188
0 0.786719 0.077344 0.020313 0.010937
0 0.871094 0.092188 0.020313 0.009375
0 0.907813 0.136719 0.021875 0.010937
0 0.720313 0.147656 0.025000 0.010937
0 0.048438 0.161719 0.015625 0.007812
0 0.931250 0.183594 0.021875 0.007812
0 0.889062 0.199219 0.009375 0.007812
0 0.806250 0.220312 0.021875 0.012500
0 0.664062 0.247656 0.015625 0.017188
0 0.912500 0.282031 0.018750 0.007812
0 0.975781 0.303125 0.023438 0.012500
0 0.853125 0.332031 0.025000 0.007812
0 0.950000 0.343750 0.028125 0.012500
0 0.974219 0.413281 0.026562 0.010937
0 0.867969 0.452344 0.014063 0.010937
0 0.911719 0.492969 0.039062 0.014063
0 0.994531 0.491406 0.010937 0.007812
0 0.971875 0.567969 0.031250 0.014063
0 0.814844 0.733594 0.007812 0.007812
0 0.860938 0.771875 0.034375 0.034375
0 0.741406 0.783594 0.010937 0.017188
0 0.764062 0.860938 0.021875 0.015625
0 0.792188 0.870313 0.040625 0.015625
0 0.004687 0.995313 0.009375 0.009375
0 0.751563 0.195312 0.009375 0.006250
0 0.736719 0.766406 0.004687 0.010937
0 0.554688 0.659698 0.034278 0.032720
0 0.402775 0.076979 0.014023 0.023371
0 0.031175 0.905095 0.018697 0.018697
0 0.607662 0.765647 0.015581 0.017139
0 0.545339 0.588806 0.012465 0.012465
0 0.377846 0.545180 0.023371 0.018697
0 0.419135 0.465718 0.012465 0.015581
0 0.432379 0.471950 0.014023 0.012465
0 0.772818 0.641001 0.012465 0.017139
0 0.849163 0.543622 0.009348 0.009348
0 0.544560 0.863806 0.017139 0.023371
0 0.009362 0.568551 0.018697 0.037394
0 0.892789 0.810052 0.028045 0.034278
