0 0.302344 0.049219 0.032813 0.032813
0 0.124219 0.059375 0.039062 0.031250
0 0.177344 0.067969 0.026562 0.042188
0 0.838281 0.150000 0.035937 0.021875
0 0.689844 0.159375 0.035937 0.028125
0 0.215625 0.187500 0.028125 0.028125
0 0.939063 0.246875 0.031250 0.037500
0 0.135156 0.265625 0.032813 0.031250
0 0.707031 0.278125 0.042188 0.034375
0 0.451562 0.322656 0.028125 0.026562
0 0.068750 0.369531 0.050000 0.035937
0 0.190625 0.414062 0.034375 0.028125
0 0.817969 0.416406 0.023438 0.017188
0 0.394531 0.429688 0.042188 0.031250
0 0.045312 0.432031 0.015625 0.020313
0 0.942969 0.464844 0.039062 0.039062
0 0.018750 0.507031 0.037500 0.026562
0 0.490625 0.548438 0.034375 0.025000
0 0.104688 0.664844 0.031250 0.029687
0 0.611719 0.681250 0.026562 0.028125
0 0.885938 0.698438 0.021875 0.028125
0 0.250000 0.755469 0.025000 0.023438
0 0.808594 0.757812 0.029687 0.028125
0 0.398438 0.763281 0.034375 0.023438
0 0.955469 0.778125 0.020313 0.015625
0 0.497656 0.887500 0.045312 0.028125
0 0.782166 0.525704 0.037394 0.038952
0 0.906033 0.611398 0.026487 0.023371
