0 0.214062 0.071875 0.028125 0.040625
0 0.986719 0.139063 0.026562 0.071875
0 0.460156 0.157812 0.035937 0.050000
0 0.776563 0.247656 0.046875 0.054688
0 0.039062 0.246875 0.031250 0.037500
0 0.359375 0.318750 0.040625 0.034375
0 0.946875 0.356250 0.053125 0.093750
0 0.259375 0.450000 0.021875 0.025000
0 0.042969 0.464844 0.039062 0.039062
0 0.772656 0.528125 0.035937 0.053125
0 0.121875 0.573438 0.018750 0.018750
0 0.988281 0.643750 0.023438 0.078125
0 0.471094 0.728906 0.039062 0.045312
0 0.715625 0.758594 0.034375 0.035937
0 0.055469 0.778125 0.020313 0.015625
0 0.158158 0.414302 0.032720 0.031161
0 0.012471 0.609061 0.024942 0.021813
0 0.232166 0.736044 0.037394 0.035836
