0 0.190625 0.021875 0.025000 0.043750
0 0.490625 0.062500 0.034375 0.040625
0 0.846094 0.090625 0.042188 0.056250
0 0.334375 0.149219 0.046875 0.045312
0 0.099219 0.178125 0.023438 0.037500
0 0.809375 0.462500 0.046875 0.075000
0 0.976562 0.534375 0.046875 0.068750
0 0.018750 0.573438 0.037500 0.031250
0 0.406250 0.578906 0.037500 0.039062
0 0.568750 0.585156 0.031250 0.048438
0 0.778125 0.668750 0.050000 0.071875
0 0.131250 0.654687 0.031250 0.031250
0 0.275000 0.779687 0.021875 0.028125
0 0.534375 0.828906 0.025000 0.032813
0 0.721094 0.869531 0.045312 0.067187
0 0.985938 0.877344 0.028125 0.070312
0 0.214062 0.971875 0.028125 0.040625
0 0.204121 0.534273 0.046742 0.046742
0 0.084149 0.794472 0.040510 0.028045
