0 0.371044 0.660833 0.019627 0.009234
0 0.234268 0.748060 0.011119 0.007699
0 0.312127 0.251897 0.008440 0.006741
0 0.060361 0.778787 0.009244 0.008749
0 0.037092 0.642016 0.008709 0.009110
0 0.913281 0.061399 0.032492 0.018527
0 0.958830 0.034816 0.012430 0.008686
0 0.790471 0.271301 0.024050 0.012019
0 0.604621 0.850125 0.011268 0.009309
0 0.418341 0.583210 0.010104 0.012145
0 0.579610 0.228503 0.013441 0.007491
0 0.420097 0.612129 0.010559 0.009561
0 0.205687 0.640646 0.012615 0.010630
0 0.782166 0.290435 0.021813 0.017139
0 0.260991 0.174358 0.066997 0.028045
0 0.282804 0.382361 0.014023 0.020255
0 0.436274 0.595038 0.012465 0.015581
0 0.359928 0.558423 0.015581 0.014023
0 0.380183 0.551412 0.012465 0.015581
0 0.310849 0.591922 0.014023 0.015581
0 0.327209 0.616851 0.015581 0.012465
0 0.213469 0.616851 0.012465 0.018697
0 0.011699 0.739160 0.010907 0.014023
0 0.070906 0.753183 0.014023 0.014023
0 0.352138 0.794472 0.012465 0.012465
0 0.410566 0.838877 0.014023 0.017139
0 0.434716 0.956511 0.015581 0.015581
0 0.126217 0.806936 0.009348 0.018697
0 0.336557 0.559981 0.009348 0.020255
