0 0.132231 0.806857 0.016375 0.017905
0 0.148432 0.741480 0.019766 0.011046
0 0.389429 0.590257 0.019188 0.011895
0 0.522713 0.583501 0.012872 0.024154
0 0.632143 0.887368 0.012107 0.020707
0 0.685221 0.783653 0.009661 0.016155
0 0.459684 0.690278 0.014901 0.022610
0 0.344590 0.500742 0.010731 0.018094
0 0.197531 0.386939 0.013835 0.021857
0 0.403331 0.831132 0.015563 0.014612
0 0.127570 0.473870 0.013853 0.023056
0 0.392476 0.383480 0.015351 0.009655
0 0.297823 0.321626 0.009463 0.016518
0 0.460577 0.529089 0.011726 0.016036
0 0.543926 0.802153 0.014248 0.023008
0 0.317598 0.196863 0.010797 0.017100
0 0.106720 0.146770 0.010209 0.017621
0 0.344383 0.464690 0.011983 0.013890
0 0.260094 0.469575 0.013257 0.020949
0 0.825355 0.665590 0.010410 0.015531
0 0.681437 0.603062 0.013155 0.018194
0 0.753105 0.301497 0.012385 0.010201
0 0.279207 0.586274 0.012045 0.018049
0 0.607214 0.483550 0.008749 0.015086
0 0.400625 0.313084 0.012256 0.021487
0 0.354972 0.658077 0.011386 0.017133
0 0.138346 0.595171 0.014087 0.024635
0 0.213456 0.293249 0.013951 0.030952
0 0.151168 0.246765 0.010985 0.016011
0 0.334999 0.071525 0.018697 0.015581
0 0.067010 0.321596 0.012465 0.023371
0 0.476005 0.383140 0.007790 0.021813
0 0.578059 0.960406 0.012465 0.023371
0 0.395764 0.986115 0.009348 0.018697
0 0.292152 0.936256 0.017139 0.018697
0 0.462761 0.898083 0.015581 0.020255
0 0.359928 0.809273 0.012465 0.026487
0 0.049093 0.679174 0.017139 0.024929
