0 0.960278 0.421583 0.042586 0.026641
0 0.068096 0.473905 0.043276 0.021325
0 0.013257 0.661407 0.026487 0.012465
0 0.397322 0.648942 0.043626 0.015581
0 0.281246 0.803970 0.054533 0.010907
0 0.137124 0.892781 0.040510 0.032720
0 0.296047 0.947313 0.043626 0.026487
0 0.809433 0.922384 0.032720 0.023371
0 0.620127 0.987044 0.028045 0.018697
0 0.979263 0.682441 0.038952 0.023371
0 0.782166 0.422242 0.037394 0.026487
0 0.617010 0.490798 0.031161 0.029603
0 0.479900 0.475996 0.040510 0.018697
0 0.357591 0.492356 0.029603 0.020255
0 0.340452 0.430812 0.026487 0.024929
0 0.346685 0.299934 0.054533 0.012465
0 0.271897 0.520401 0.038952 0.017139
0 0.184645 0.666081 0.017139 0.012465
0 0.781387 0.637257 0.051416 0.032720
0 0.470552 0.025713 0.046742 0.015581
