0 0.253269 0.607563 0.025697 0.039793
0 0.789357 0.908318 0.012200 0.019178
0 0.245643 0.471383 0.019255 0.015557
0 0.185902 0.486072 0.012276 0.013241
0 0.328130 0.534991 0.015228 0.015061
0 0.805055 0.958893 0.010813 0.011176
0 0.066523 0.410930 0.011191 0.009401
0 0.169970 0.435709 0.012119 0.014169
0 0.050624 0.394074 0.015308 0.017834
0 0.428565 0.544238 0.047625 0.046618
0 0.268781 0.437044 0.020255 0.018697
0 0.262549 0.383291 0.029603 0.023371
0 0.034291 0.718276 0.031161 0.020255
0 0.390311 0.615444 0.029603 0.035836
0 0.327988 0.726846 0.045184 0.028045
0 0.226713 0.965231 0.032720 0.037394
0 0.647393 0.659070 0.020255 0.017139
