0 0.611824 0.648078 0.059460 0.036953
0 0.935792 0.209944 0.042654 0.048185
0 0.771413 0.499198 0.043370 0.049501
0 0.442923 0.327239 0.030257 0.026606
0 0.180750 0.045189 0.031161 0.020255
0 0.474447 0.018701 0.048300 0.029603
0 0.985495 0.664523 0.026487 0.034278
0 0.303059 0.387186 0.048300 0.031161
0 0.386416 0.444834 0.024929 0.015581
0 0.329546 0.519622 0.023371 0.015581
0 0.216586 0.507157 0.021813 0.021813
0 0.241515 0.645826 0.028045 0.018697
0 0.162053 0.654395 0.021813 0.017139
0 0.095835 0.551563 0.020255 0.017139
0 0.062336 0.437044 0.021813 0.015581
0 0.098172 0.282016 0.021813 0.014023
0 0.183087 0.263319 0.026487 0.014023
0 0.301501 0.220472 0.026487 0.009348
