0 0.984114 0.423926 0.031772 0.023011
0 0.802307 0.421401 0.029726 0.021749
0 0.870282 0.978365 0.033662 0.036249
0 0.788619 0.388022 0.018945 0.017190
0 0.703449 0.926243 0.012020 0.011005
0 0.792768 0.779969 0.011767 0.009536
0 0.324605 0.262040 0.010408 0.009587
0 0.646355 0.241757 0.009221 0.008860
0 0.340833 0.027818 0.012133 0.008873
0 0.381810 0.055522 0.015082 0.010772
0 0.053756 0.167760 0.015031 0.010282
0 0.779901 0.229478 0.013308 0.012350
0 0.324361 0.049522 0.009934 0.007659
0 0.722522 0.689437 0.009911 0.010871
0 0.669904 0.228800 0.009070 0.008423
0 0.992575 0.484383 0.008383 0.010847
0 0.819612 0.322320 0.010460 0.008688
0 0.845312 0.541624 0.007238 0.007622
0 0.935857 0.187363 0.009152 0.008814
0 0.279527 0.395942 0.009632 0.008932
0 0.057343 0.341023 0.038809 0.044439
0 0.116253 0.022339 0.010558 0.009971
0 0.250084 0.021667 0.014023 0.015581
0 0.029617 0.100350 0.015581 0.014023
0 0.509503 0.062956 0.012465 0.020255
0 0.401996 0.270959 0.021813 0.018697
0 0.405891 0.596596 0.023371 0.024929
0 0.576501 0.722800 0.018697 0.015581
0 0.606104 0.891851 0.018697 0.017139
0 0.687124 0.158777 0.015581 0.015581
0 0.934857 0.179811 0.009348 0.014023
0 0.948101 0.175916 0.010907 0.012465
