0 0.362373 0.585233 0.008692 0.009005
0 0.578365 0.862476 0.011895 0.012770
0 0.606655 0.562798 0.008787 0.009560
0 0.349388 0.771880 0.007000 0.007049
0 0.410487 0.776559 0.011402 0.011467
0 0.500035 0.368651 0.011017 0.007146
0 0.917682 0.759589 0.009925 0.010268
0 0.241409 0.220710 0.011990 0.008058
0 0.851993 0.713633 0.006968 0.008054
0 0.411364 0.481316 0.012489 0.011745
0 0.398880 0.066851 0.028045 0.031161
0 0.369277 0.050491 0.021813 0.029603
0 0.286699 0.690860 0.021813 0.017139
0 0.777492 0.609061 0.009348 0.009348
0 0.839815 0.610619 0.015581 0.015581
0 0.765027 0.264726 0.012465 0.015581
0 0.993285 0.155661 0.010907 0.021813
0 0.749447 0.047375 0.015581 0.014023
0 0.669206 0.030236 0.014023 0.010907
0 0.608441 0.109698 0.010907 0.014023
0 0.619348 0.129953 0.010907 0.014023
0 0.472889 0.151766 0.017139 0.014023
0 0.534433 0.010833 0.021813 0.021667
0 0.470552 0.034911 0.012465 0.010907
0 0.471331 0.052828 0.014023 0.015581
0 0.673880 0.165010 0.010907 0.015581
0 0.648172 0.058282 0.009348 0.020255
0 0.141798 0.051270 0.015581 0.015581
0 0.138682 0.073862 0.018697 0.017139
0 0.065452 0.037248 0.015581 0.015581
0 0.084149 0.008423 0.009348 0.014023
0 0.018710 0.069188 0.012465 0.014023
0 0.063115 0.008423 0.014023 0.010907
0 0.029617 0.362885 0.012465 0.015581
