0 0.341524 0.312319 0.008296 0.011289
0 0.400238 0.312208 0.009063 0.011864
0 0.959501 0.898586 0.008667 0.011216
0 0.995069 0.902577 0.009862 0.028257
0 0.384444 0.249903 0.011326 0.007957
0 0.411345 0.416789 0.015581 0.028045
0 0.454971 0.536761 0.018697 0.021813
0 0.432379 0.133999 0.032720 0.020255
0 0.510282 0.136336 0.026487 0.021813
0 0.446401 0.041293 0.020255 0.052975
0 0.357591 0.234495 0.014023 0.015581
0 0.405891 0.345897 0.014023 0.023371
0 0.948880 0.860840 0.009348 0.012465
0 0.969135 0.872526 0.012465 0.017139
0 0.979263 0.867851 0.010907 0.014023
0 0.987053 0.861619 0.014023 0.020255
0 0.966798 0.842922 0.014023 0.007790
