0 0.440333 0.642087 0.023460 0.030389
0 0.280946 0.599822 0.013373 0.019042
0 0.190987 0.530876 0.011201 0.016378
0 0.453524 0.523829 0.021522 0.020359
0 0.328233 0.011536 0.037085 0.014990
0 0.256518 0.563334 0.008362 0.016829
0 0.046964 0.655330 0.061662 0.039097
0 0.467801 0.228058 0.023389 0.045729
0 0.472588 0.710787 0.011272 0.011258
0 0.494875 0.328958 0.010050 0.013602
0 0.098877 0.639446 0.057414 0.030428
0 0.228834 0.562082 0.008843 0.011429
0 0.803979 0.729962 0.024929 0.018697
0 0.479121 0.766577 0.051416 0.054533
0 0.543002 0.580387 0.020255 0.028045
