0 0.546196 0.917069 0.028492 0.029845
0 0.368857 0.355070 0.012488 0.013493
0 0.307435 0.343147 0.015102 0.016738
0 0.597995 0.653328 0.037319 0.012278
0 0.603299 0.813396 0.030216 0.018488
0 0.117399 0.969908 0.036666 0.018768
0 0.119231 0.020177 0.017204 0.008406
0 0.502065 0.413771 0.011619 0.021073
0 0.373710 0.434825 0.013492 0.014650
0 0.232236 0.019327 0.014707 0.008172
0 0.690810 0.789574 0.023364 0.007788
0 0.778816 0.747518 0.040498 0.020249
0 0.894081 0.636926 0.056075 0.045171
0 0.722741 0.646271 0.043614 0.020249
0 0.686137 0.689106 0.023364 0.015576
0 0.625389 0.737393 0.017134 0.018692
0 0.538162 0.717923 0.035826 0.029595
0 0.536604 0.597985 0.017134 0.029595
0 0.631620 0.612782 0.029595 0.018692
0 0.730530 0.572284 0.028037 0.018692
0 0.684579 0.521661 0.023364 0.023364
0 0.615265 0.523997 0.024922 0.015576
0 0.663551 0.473374 0.018692 0.023364
0 0.548287 0.516988 0.021807 0.029595
0 0.461059 0.587860 0.034268 0.028037
0 0.441589 0.513094 0.014019 0.024922
0 0.394081 0.486614 0.012461 0.024922
0 0.533489 0.461692 0.014019 0.024922
0 0.449377 0.440664 0.010903 0.029595
0 0.459502 0.394714 0.012461 0.021807
0 0.402648 0.398608 0.010903 0.029595
0 0.547508 0.385368 0.014019 0.024922
0 0.510903 0.362782 0.018692 0.029595
0 0.907321 0.990508 0.042056 0.017134
0 0.936137 0.106552 0.009346 0.012461
0 0.347352 0.029449 0.024922 0.010903
0 0.317757 0.298919 0.034268 0.017134
0 0.385514 0.249075 0.017134 0.017134
0 0.469626 0.312159 0.014019 0.015576
0 0.394081 0.312938 0.012461 0.017134
0 0.447040 0.345648 0.009346 0.014019
