0 0.350625 0.389097 0.050264 0.020399
0 0.701272 0.685456 0.035857 0.018587
0 0.397281 0.730435 0.026528 0.017371
0 0.217252 0.834906 0.017043 0.014512
0 0.425204 0.929722 0.014304 0.019400
0 0.646433 0.687987 0.024232 0.014201
0 0.852850 0.684610 0.015599 0.022359
0 0.067789 0.893560 0.017139 0.012465
0 0.936416 0.673871 0.031161 0.012465
0 0.563257 0.381732 0.017139 0.032720
0 0.768923 0.271109 0.010907 0.014023
0 0.809433 0.267214 0.007790 0.009348
0 0.878767 0.257087 0.015581 0.010907
0 0.777492 0.236053 0.012465 0.012465
0 0.786840 0.239169 0.009348 0.012465
0 0.802421 0.241506 0.009348 0.010907
0 0.772818 0.247738 0.009348 0.014023
