0 0.518936 0.351369 0.028100 0.020516
0 0.015293 0.289977 0.024855 0.015390
0 0.625380 0.859447 0.019878 0.012403
0 0.322365 0.247852 0.023076 0.021852
0 0.033762 0.125101 0.008488 0.009362
0 0.576689 0.420858 0.009120 0.009727
0 0.274538 0.391720 0.007078 0.007718
0 0.819541 0.559955 0.009873 0.008732
0 0.885609 0.890760 0.006969 0.007084
0 0.837791 0.398035 0.028274 0.021467
0 0.081879 0.725506 0.008618 0.008310
0 0.697122 0.302571 0.009590 0.007820
0 0.137269 0.137208 0.009025 0.007528
0 0.412365 0.272315 0.008893 0.009509
0 0.219920 0.108941 0.015358 0.020264
0 0.455024 0.343166 0.007957 0.008215
0 0.370075 0.841888 0.007478 0.008224
0 0.798238 0.512538 0.008872 0.008027
0 0.803229 0.436277 0.017732 0.011590
0 0.540369 0.506404 0.008662 0.008904
0 0.887442 0.473834 0.009346 0.007290
0 0.392605 0.439932 0.008875 0.006935
0 0.844191 0.122017 0.006716 0.009209
0 0.803992 0.747812 0.008609 0.008834
0 0.426417 0.825737 0.008083 0.007230
0 0.360898 0.345257 0.007658 0.007963
0 0.275923 0.177274 0.013731 0.014024
0 0.782835 0.395228 0.018536 0.011900
0 0.270717 0.146905 0.014295 0.016432
0 0.548685 0.847118 0.017931 0.009312
0 0.706579 0.788222 0.017917 0.011339
0 0.902935 0.994907 0.011882 0.009716
0 0.366380 0.799981 0.007928 0.009395
0 0.589406 0.330502 0.012829 0.008334
0 0.723697 0.649017 0.008646 0.008027
0 0.760125 0.570953 0.018644 0.010764
0 0.355432 0.685621 0.008539 0.010154
0 0.638284 0.321878 0.013262 0.009313
0 0.348184 0.811625 0.009628 0.011281
0 0.799399 0.645954 0.006360 0.012730
0 0.785472 0.860048 0.050231 0.015181
0 0.641901 0.591095 0.010968 0.010849
0 0.894931 0.523360 0.012486 0.007497
0 0.699174 0.516024 0.008675 0.008679
0 0.846552 0.644990 0.008653 0.008769
0 0.831825 0.645586 0.010627 0.016103
0 0.124589 0.274975 0.009202 0.008207
0 0.553358 0.300874 0.013925 0.010824
0 0.468364 0.290739 0.020244 0.015068
0 0.776963 0.583800 0.010916 0.009188
0 0.348416 0.789977 0.009172 0.007918
0 0.715166 0.639302 0.009066 0.009751
0 0.133760 0.223253 0.006008 0.007165
0 0.348588 0.732928 0.007569 0.009493
0 0.359763 0.761994 0.008220 0.009078
0 0.712047 0.665016 0.008836 0.011457
0 0.554569 0.859319 0.022141 0.009359
0 0.223909 0.749394 0.011264 0.015515
0 0.366945 0.783376 0.012147 0.009573
0 0.369946 0.814517 0.006854 0.008602
0 0.739089 0.586580 0.010798 0.011878
0 0.720678 0.559996 0.012001 0.017738
0 0.965272 0.762294 0.009783 0.007932
0 0.373768 0.704412 0.012726 0.015551
0 0.511989 0.792962 0.013705 0.018366
0 0.212856 0.664915 0.011590 0.008326
0 0.758209 0.592501 0.011041 0.012952
0 0.346803 0.757912 0.010237 0.009337
0 0.359242 0.730423 0.008820 0.011943
0 0.353559 0.781191 0.010528 0.010263
0 0.673880 0.816285 0.023371 0.018697
0 0.584291 0.827191 0.024929 0.012465
0 0.536770 0.827970 0.014023 0.010907
0 0.499376 0.824075 0.017139 0.015581
0 0.981600 0.734486 0.012465 0.020255
0 0.092719 0.753183 0.020255 0.017139
0 0.017931 0.052828 0.010907 0.012465
0 0.459645 0.541285 0.018697 0.010907
0 0.417577 0.302120 0.012465 0.012465
0 0.325651 0.740718 0.015581 0.020255
0 0.364603 0.739939 0.015581 0.012465
0 0.370835 0.729032 0.012465 0.015581
0 0.733866 0.725916 0.012465 0.012465
0 0.726855 0.739939 0.007790 0.015581
0 0.803200 0.063735 0.010907 0.018697
0 0.349801 0.745392 0.010907 0.020255
0 0.331883 0.757078 0.009348 0.015581
0 0.531316 0.752404 0.015581 0.012465
0 0.515736 0.753962 0.012465 0.015581
0 0.850722 0.623862 0.021813 0.017139
0 0.705042 0.584132 0.014023 0.012465
0 0.706600 0.604387 0.010907 0.021813
0 0.699588 0.623862 0.012465 0.017139
0 0.795410 0.680732 0.014023 0.018697
0 0.772818 0.749287 0.012465 0.018697
0 0.916940 0.792913 0.010907 0.009348
0 0.961345 0.734486 0.012465 0.010907
0 0.980821 0.696313 0.017139 0.012465
0 0.183866 0.762531 0.015581 0.014023
0 0.281246 0.710336 0.010907 0.015581
0 0.282025 0.724358 0.015581 0.018697
0 0.281246 0.741497 0.014023 0.012465
0 0.275013 0.756299 0.007790 0.014023
0 0.262549 0.767205 0.007790 0.010907
0 0.419914 0.732149 0.014023 0.012465
