0 0.020382 0.575757 0.007159 0.007712
0 0.601728 0.404201 0.006770 0.007402
0 0.936573 0.170959 0.009266 0.008705
0 0.040670 0.651757 0.015474 0.017770
0 0.646942 0.190301 0.007762 0.009183
0 0.022653 0.931921 0.007964 0.008978
0 0.008742 0.938780 0.008397 0.012002
0 0.370255 0.537246 0.008040 0.007518
0 0.931825 0.103693 0.007507 0.008328
0 0.332839 0.263878 0.013548 0.015988
0 0.057228 0.815751 0.008202 0.012951
0 0.864323 0.202830 0.006484 0.007247
0 0.021241 0.953527 0.006872 0.006757
0 0.026438 0.945565 0.007074 0.007935
0 0.048996 0.937416 0.018315 0.018943
0 0.518852 0.716568 0.021813 0.018697
0 0.288257 0.320038 0.009348 0.010907
0 0.409787 0.203183 0.015581 0.010907
0 0.580396 0.334061 0.010907 0.010907
0 0.994064 0.061398 0.009348 0.020255
0 0.636486 0.184486 0.010907 0.014023
0 0.634928 0.174358 0.010907 0.012465
