0 0.922286 0.896664 0.007839 0.007800
0 0.849407 0.522714 0.008644 0.008317
0 0.922559 0.447636 0.017825 0.020828
0 0.956989 0.883982 0.007017 0.009830
0 0.977545 0.671696 0.008712 0.009638
0 0.877167 0.895996 0.007640 0.008152
0 0.974171 0.946108 0.006516 0.005945
0 0.967996 0.883478 0.006886 0.008561
0 0.931619 0.466436 0.006196 0.008144
0 0.875758 0.923171 0.005301 0.005822
0 0.974336 0.647443 0.008202 0.008264
0 0.961190 0.662235 0.007175 0.007424
0 0.865828 0.590302 0.038731 0.013999
0 0.990593 0.637945 0.008775 0.007549
0 0.980064 0.928376 0.006629 0.007947
0 0.873150 0.877075 0.007364 0.007414
0 0.758563 0.852892 0.006691 0.007419
0 0.962997 0.900016 0.006693 0.008430
0 0.911335 0.654151 0.010108 0.011302
0 0.857661 0.843006 0.007198 0.007276
0 0.867731 0.919110 0.007918 0.007899
0 0.875542 0.915504 0.006887 0.008655
0 0.991477 0.571989 0.014030 0.012914
0 0.932305 0.668158 0.005037 0.006047
0 0.992151 0.632260 0.012491 0.018554
0 0.966860 0.954829 0.006440 0.006902
0 0.765027 0.771879 0.018697 0.017139
0 0.735424 0.677616 0.009348 0.009348
0 0.929404 0.604387 0.014023 0.021813
0 0.949659 0.677616 0.010907 0.018697
0 0.497039 0.771100 0.009348 0.012465
0 0.470552 0.924571 0.012465 0.020255
0 0.522747 0.930024 0.010907 0.015581
0 0.445622 0.974429 0.012465 0.010907
0 0.953554 0.863027 0.012465 0.015581
0 0.969135 0.919896 0.012465 0.014023
0 0.969135 0.936256 0.012465 0.012465
0 0.986274 0.937035 0.009348 0.010907
0 0.962124 0.551412 0.010907 0.012465
0 0.711274 0.128395 0.017139 0.014023
