0 0.900456 0.352829 0.035505 0.034286
0 0.917945 0.209828 0.026805 0.030034
0 0.270781 0.619581 0.033288 0.035886
0 0.584912 0.156183 0.032832 0.025444
0 0.160506 0.531827 0.042095 0.026853
0 0.785402 0.244994 0.041866 0.026587
0 0.339047 0.144376 0.030847 0.023598
0 0.934209 0.118223 0.038625 0.023559
0 0.473270 0.349898 0.032279 0.024070
0 0.158381 0.256890 0.033514 0.021378
0 0.325222 0.415420 0.033851 0.023570
0 0.226702 0.198875 0.033036 0.019194
0 0.644901 0.309907 0.033440 0.019687
0 0.054081 0.410931 0.044330 0.016687
0 0.415132 0.565347 0.032233 0.043049
0 0.023451 0.586864 0.021796 0.014286
0 0.013790 0.514617 0.015454 0.018553
0 0.020747 0.092563 0.015695 0.021492
