0 0.709420 0.037281 0.006811 0.007335
0 0.209533 0.394000 0.005951 0.006550
0 0.515776 0.231038 0.006686 0.006420
0 0.356194 0.548936 0.012365 0.007141
0 0.313463 0.511284 0.005937 0.008356
0 0.032264 0.486861 0.011188 0.016186
0 0.845414 0.121264 0.006742 0.006771
0 0.402318 0.662533 0.016485 0.018428
0 0.433744 0.531593 0.006053 0.005558
0 0.495417 0.265446 0.010179 0.007113
0 0.403425 0.505422 0.023303 0.018185
0 0.460166 0.609201 0.010542 0.026791
0 0.707550 0.331585 0.010276 0.011089
0 0.484574 0.288098 0.018697 0.012465
0 0.538328 0.217205 0.007790 0.007790
0 0.349022 0.690081 0.009348 0.012465
