0 0.406463 0.061689 0.006342 0.007140
0 0.065452 0.058282 0.018697 0.017139
0 0.074801 0.018551 0.012465 0.009348
0 0.465098 0.034132 0.017139 0.015581
0 0.462761 0.043480 0.018697 0.015581
0 0.440169 0.046596 0.010907 0.009348
0 0.433937 0.054387 0.010907 0.009348
0 0.410566 0.052049 0.007790 0.014023
0 0.423809 0.038806 0.009348 0.009348
0 0.437832 0.031794 0.009348 0.014023
0 0.684787 0.214089 0.010907 0.017139
0 0.922393 0.565435 0.015581 0.015581
0 0.909928 0.628537 0.018697 0.017139
0 0.971472 0.224996 0.014023 0.017139
