0 0.100315 0.158258 0.026080 0.016526
0 0.791372 0.342071 0.048408 0.025013
0 0.393937 0.388960 0.030993 0.019523
0 0.105081 0.719604 0.009730 0.009904
0 0.437484 0.273690 0.017465 0.008052
0 0.518335 0.815513 0.014226 0.007993
0 0.498561 0.253846 0.015932 0.008134
0 0.217697 0.088640 0.022132 0.015243
0 0.141117 0.897411 0.007318 0.008687
0 0.422251 0.186823 0.021813 0.015581
0 0.366161 0.144755 0.012465 0.012465
0 0.358370 0.127616 0.012465 0.012465
0 0.229050 0.145534 0.018697 0.014023
0 0.196331 0.160336 0.009348 0.012465
0 0.208016 0.172021 0.007790 0.007790
0 0.175297 0.185265 0.010907 0.012465
0 0.185424 0.199287 0.009348 0.015581
0 0.279688 0.217205 0.014023 0.014023
0 0.019489 0.758636 0.014023 0.012465
0 0.810212 0.911327 0.012465 0.018697
0 0.785282 0.515576 0.015581 0.018697
0 0.888115 0.438452 0.015581 0.014023
0 0.870976 0.285760 0.021813 0.014023
0 0.660637 0.401837 0.012465 0.012465
0 0.480679 0.299783 0.014023 0.017139
0 0.754900 0.303678 0.023371 0.015581
