0 0.672071 0.744861 0.021159 0.013143
0 0.600976 0.401175 0.009539 0.015905
0 0.174803 0.795149 0.012991 0.018951
0 0.654551 0.587318 0.007674 0.008376
0 0.112491 0.557281 0.012314 0.008378
0 0.047079 0.701545 0.013374 0.008453
0 0.466498 0.700551 0.012752 0.010040
0 0.529784 0.283364 0.007709 0.007872
0 0.558670 0.618304 0.006800 0.007512
0 0.495052 0.276595 0.017230 0.019879
0 0.486628 0.755371 0.012098 0.008020
0 0.642100 0.684795 0.007861 0.010145
0 0.769602 0.817605 0.006840 0.006632
0 0.665836 0.996023 0.008452 0.005819
0 0.364993 0.773727 0.008194 0.010332
0 0.604085 0.704048 0.006042 0.006807
0 0.641973 0.670038 0.006590 0.007714
0 0.311560 0.234467 0.008976 0.008845
0 0.379462 0.751618 0.010653 0.007582
0 0.457109 0.532115 0.007673 0.009078
0 0.576262 0.805595 0.012333 0.013356
0 0.654269 0.921334 0.007972 0.008841
0 0.437677 0.753039 0.014650 0.007085
0 0.257966 0.237470 0.011211 0.013113
0 0.658870 0.632840 0.007242 0.006984
0 0.652973 0.659708 0.009191 0.009393
0 0.186982 0.222658 0.018697 0.021813
0 0.211911 0.215647 0.018697 0.017139
0 0.212690 0.166568 0.010907 0.018697
0 0.518073 0.323154 0.014023 0.014023
0 0.055325 0.393268 0.014023 0.010907
0 0.042081 0.565435 0.021813 0.015581
0 0.122322 0.847446 0.010907 0.015581
0 0.212690 0.964302 0.007790 0.012465
0 0.590523 0.869259 0.009348 0.024929
0 0.594418 0.929245 0.014023 0.017139
0 0.691019 0.941709 0.010907 0.014023
0 0.580396 0.620746 0.017139 0.020255
