0 0.610217 0.535517 0.032912 0.031403
0 0.181019 0.922180 0.035269 0.025046
0 0.472110 0.892781 0.040510 0.029603
0 0.676996 0.960557 0.029603 0.034278
0 0.805537 0.723730 0.024929 0.018697
0 0.950438 0.391081 0.028045 0.026487
0 0.856954 0.122313 0.040510 0.037394
0 0.393427 0.246959 0.045184 0.034278
0 0.564815 0.366152 0.048300 0.026487
0 0.151146 0.426138 0.031161 0.028045
0 0.155042 0.634919 0.042068 0.031161
0 0.331883 0.422242 0.046742 0.023371
0 0.349022 0.683220 0.034278 0.024929
0 0.526642 0.738531 0.037394 0.029603
0 0.543002 0.130104 0.017139 0.015581
