0 0.225532 0.591972 0.015316 0.018981
0 0.463607 0.871056 0.037817 0.055782
0 0.414810 0.885698 0.006754 0.007450
0 0.979451 0.036819 0.007637 0.007508
0 0.191238 0.785096 0.006119 0.008580
0 0.398629 0.048612 0.008151 0.009169
0 0.468993 0.027120 0.012465 0.017139
0 0.979263 0.031015 0.007790 0.015581
0 0.969914 0.021667 0.010907 0.015581
0 0.875651 0.016993 0.012465 0.009348
0 0.867081 0.023225 0.010907 0.012465
0 0.877209 0.023225 0.015581 0.012465
0 0.965240 0.055166 0.014023 0.014023
0 0.969135 0.038806 0.012465 0.012465
0 0.523526 0.034911 0.012465 0.014023
0 0.447180 0.077758 0.012465 0.012465
