0 0.392975 0.813433 0.037236 0.030566
0 0.286262 0.797373 0.027739 0.028857
0 0.968994 0.161809 0.037666 0.027519
0 0.852463 0.896219 0.039006 0.027423
0 0.692238 0.181376 0.029033 0.022764
0 0.435168 0.593925 0.030780 0.026682
0 0.506474 0.521119 0.029340 0.027505
0 0.761107 0.779966 0.036567 0.032291
0 0.766641 0.255151 0.032107 0.024862
0 0.806949 0.147148 0.026484 0.022121
0 0.634187 0.886666 0.030714 0.024775
0 0.306786 0.651342 0.021845 0.023523
0 0.873364 0.217741 0.035483 0.023429
0 0.835549 0.467808 0.037412 0.025521
0 0.678411 0.655001 0.031446 0.021277
0 0.368908 0.567489 0.023846 0.022023
0 0.400832 0.692292 0.025633 0.024851
0 0.623801 0.550053 0.031617 0.022772
0 0.626988 0.735398 0.034239 0.023286
0 0.468726 0.128104 0.017521 0.025703
0 0.632010 0.682256 0.034398 0.016265
0 0.524330 0.850928 0.042083 0.028695
0 0.413387 0.504630 0.012304 0.016535
0 0.276367 0.684379 0.010664 0.014201
0 0.304608 0.193116 0.013559 0.017640
0 0.648562 0.120190 0.013624 0.013716
0 0.552152 0.015119 0.011607 0.016861
0 0.407450 0.552342 0.026487 0.031161
