0 0.373910 0.312812 0.009797 0.015924
0 0.398702 0.162616 0.021802 0.014985
0 0.116251 0.187162 0.009859 0.009187
0 0.258745 0.226285 0.015766 0.011052
0 0.060901 0.461684 0.011098 0.015624
0 0.133396 0.301263 0.009909 0.009377
0 0.139401 0.355409 0.022060 0.018918
0 0.646708 0.569279 0.016574 0.016357
0 0.467818 0.179468 0.014041 0.018503
0 0.420255 0.289753 0.008306 0.012923
0 0.109692 0.324587 0.015332 0.018977
0 0.215149 0.335594 0.012764 0.007663
0 0.086845 0.138482 0.009407 0.010201
0 0.050315 0.436167 0.013211 0.014772
0 0.116639 0.388118 0.011946 0.014715
0 0.025919 0.696625 0.009743 0.008128
0 0.425098 0.427340 0.008239 0.008610
0 0.538511 0.158541 0.024521 0.015896
0 0.020321 0.607696 0.013367 0.007589
0 0.509260 0.082303 0.008186 0.009832
0 0.320807 0.293366 0.018601 0.011118
0 0.089993 0.405491 0.008260 0.010457
0 0.456473 0.075366 0.009060 0.009778
0 0.698666 0.941023 0.008929 0.007333
0 0.545843 0.028198 0.011945 0.014989
0 0.154930 0.199125 0.013119 0.014980
0 0.238927 0.368969 0.006176 0.010780
0 0.752764 0.623471 0.013326 0.009249
0 0.767052 0.415701 0.011206 0.012167
0 0.340523 0.424753 0.010947 0.013556
0 0.403705 0.449253 0.010731 0.011650
0 0.014426 0.542604 0.013550 0.021845
0 0.277197 0.556584 0.011460 0.010679
0 0.328615 0.326765 0.008402 0.011563
0 0.437404 0.853327 0.008329 0.011919
0 0.096989 0.414086 0.007663 0.009374
0 0.042860 0.606724 0.010907 0.014023
0 0.655183 0.894188 0.014023 0.015581
0 0.341231 0.383140 0.015581 0.012465
0 0.304617 0.380803 0.017139 0.017139
0 0.302280 0.394047 0.018697 0.012465
0 0.374730 0.344967 0.010907 0.007790
0 0.337336 0.338735 0.010907 0.010907
0 0.615452 0.091001 0.015581 0.014023
0 0.615452 0.033353 0.012465 0.014023
0 0.698030 0.245251 0.009348 0.017139
0 0.072464 0.065293 0.010907 0.012465
0 0.138682 0.053607 0.009348 0.010907
0 0.176076 0.017772 0.009348 0.007790
0 0.271118 0.040364 0.009348 0.015581
0 0.289815 0.025562 0.015581 0.017139
0 0.266444 0.370675 0.012465 0.015581
0 0.251642 0.375350 0.014023 0.015581
0 0.166727 0.373013 0.009348 0.014023
0 0.171401 0.380024 0.012465 0.012465
0 0.172959 0.390151 0.012465 0.014023
0 0.215027 0.396384 0.012465 0.014023
0 0.206458 0.402616 0.014023 0.014023
0 0.210353 0.359769 0.009348 0.009348
0 0.452634 0.265505 0.014023 0.014023
0 0.122322 0.779670 0.010907 0.010907
