0 0.534340 0.736097 0.020704 0.019240
0 0.369859 0.780979 0.017981 0.026620
0 0.240419 0.528264 0.013721 0.008683
0 0.231089 0.630296 0.021746 0.015489
0 0.473026 0.761476 0.009692 0.008942
0 0.624253 0.859108 0.018341 0.014919
0 0.395401 0.683813 0.018660 0.012014
0 0.994209 0.882705 0.011581 0.012743
0 0.356170 0.657102 0.008624 0.008717
0 0.186431 0.497785 0.009058 0.008612
0 0.437247 0.675655 0.009618 0.009049
0 0.508865 0.711335 0.019855 0.012680
0 0.344996 0.639827 0.014763 0.009641
0 0.215968 0.504155 0.007807 0.009402
0 0.137206 0.641361 0.007722 0.007484
0 0.659056 0.755622 0.034887 0.012922
0 0.112504 0.547454 0.029792 0.009644
0 0.473114 0.882238 0.011983 0.012805
0 0.395121 0.793303 0.022674 0.032777
0 0.272491 0.595667 0.009413 0.012228
0 0.468779 0.779259 0.012580 0.010001
0 0.768328 0.993616 0.015158 0.010801
0 0.196541 0.503787 0.008610 0.011046
0 0.209273 0.516343 0.008271 0.008786
0 0.564212 0.714458 0.008460 0.008023
0 0.061620 0.734696 0.010370 0.009512
0 0.278141 0.501222 0.007967 0.008927
0 0.219870 0.514037 0.009701 0.009141
0 0.863984 0.652766 0.007765 0.009035
0 0.147343 0.542718 0.012394 0.010167
0 0.240240 0.504725 0.017071 0.009171
0 0.261399 0.508023 0.012648 0.011758
0 0.083370 0.729811 0.010907 0.014023
0 0.141019 0.771879 0.014023 0.010907
0 0.065452 0.763310 0.012465 0.015581
0 0.239178 0.945605 0.010907 0.012465
0 0.608441 0.833423 0.014023 0.015581
0 0.750226 0.774217 0.010907 0.015581
0 0.016373 0.792913 0.014023 0.015581
0 0.007804 0.663593 0.012465 0.018697
0 0.021826 0.665930 0.009348 0.017139
0 0.020268 0.638664 0.009348 0.015581
0 0.673101 0.889514 0.015581 0.015581
