0 0.552149 0.280423 0.006433 0.006713
0 0.681884 0.503530 0.026542 0.010572
0 0.990555 0.298056 0.016401 0.032408
0 0.493399 0.184942 0.006187 0.007213
0 0.528517 0.317854 0.005464 0.006451
0 0.190395 0.919715 0.027295 0.015073
0 0.448844 0.903460 0.016567 0.011287
0 0.664307 0.878907 0.012269 0.022887
0 0.419681 0.420148 0.005889 0.006131
0 0.897826 0.118396 0.022335 0.019830
0 0.103080 0.605643 0.005330 0.005822
0 0.645459 0.427293 0.027780 0.021098
0 0.553606 0.220842 0.008632 0.007943
0 0.627364 0.088696 0.010826 0.011324
0 0.252963 0.296656 0.020166 0.012760
0 0.598783 0.583742 0.007601 0.006693
0 0.805850 0.388940 0.033647 0.013972
0 0.558827 0.177495 0.007941 0.008131
0 0.495505 0.039625 0.008952 0.013312
0 0.798994 0.363108 0.019319 0.022938
0 0.719620 0.845846 0.014907 0.008266
0 0.045976 0.895746 0.010907 0.012465
0 0.033512 0.908990 0.014023 0.014023
0 0.015594 0.925350 0.012465 0.012465
0 0.318639 0.359769 0.017139 0.012465
0 0.635707 0.107361 0.009348 0.009348
0 0.948880 0.481299 0.015581 0.015581
0 0.851501 0.641780 0.017139 0.015581
0 0.853838 0.821738 0.015581 0.017139
0 0.409008 0.728253 0.014023 0.020255
0 0.422251 0.722800 0.015581 0.018697
