0 0.927891 0.388275 0.008394 0.008115
0 0.606104 0.435486 0.018697 0.021813
0 0.760353 0.572597 0.021813 0.028045
0 0.356033 0.421463 0.017139 0.021813
0 0.191656 0.580387 0.028045 0.015581
0 0.314744 0.877200 0.015581 0.026487
0 0.018710 0.349792 0.018697 0.015581
0 0.701146 0.233715 0.015581 0.017139
0 0.655962 0.316293 0.009348 0.010907
0 0.667648 0.311619 0.014023 0.020255
0 0.689461 0.307724 0.014023 0.021813
0 0.681671 0.313956 0.014023 0.021813
0 0.697251 0.321747 0.014023 0.012465
0 0.704263 0.317072 0.012465 0.015581
0 0.698809 0.293701 0.010907 0.015581
0 0.707379 0.301492 0.012465 0.012465
0 0.775155 0.335769 0.017139 0.009348
0 0.062336 0.630245 0.012465 0.012465
