0 0.655183 0.802262 0.014023 0.012465
0 0.279688 0.325491 0.010907 0.009348
0 0.320976 0.320817 0.012465 0.012465
0 0.343569 0.344967 0.010907 0.020255
0 0.355254 0.344967 0.009348 0.014023
0 0.338894 0.316143 0.007790 0.012465
0 0.349022 0.327049 0.012465 0.015581
0 0.284362 0.308353 0.010907 0.015581
0 0.264107 0.302120 0.010907 0.009348
0 0.269560 0.277970 0.015581 0.007790
0 0.267223 0.288098 0.014023 0.012465
0 0.251642 0.297446 0.014023 0.015581
0 0.282804 0.288877 0.014023 0.010907
0 0.325651 0.335619 0.009348 0.007790
