0 0.180080 0.703102 0.017861 0.009330
0 0.867993 0.957814 0.007221 0.007555
0 0.561329 0.807832 0.007926 0.010024
0 0.321538 0.592112 0.007123 0.007674
0 0.195016 0.524131 0.010110 0.009215
0 0.298533 0.387405 0.007014 0.008286
0 0.343702 0.419662 0.008416 0.009544
0 0.787761 0.794932 0.008010 0.007109
0 0.447345 0.740662 0.012523 0.008669
0 0.846295 0.841170 0.008715 0.007025
0 0.504447 0.763344 0.007327 0.006845
0 0.351394 0.438064 0.007805 0.008903
0 0.048780 0.307247 0.007623 0.007588
0 0.110744 0.144902 0.027494 0.027747
0 0.383150 0.340406 0.012144 0.009200
0 0.168165 0.413577 0.016395 0.011323
0 0.411327 0.355012 0.013481 0.013055
0 0.215867 0.330444 0.012017 0.014137
0 0.996159 0.191237 0.006775 0.009861
0 0.283282 0.457713 0.008922 0.008756
0 0.068191 0.402357 0.013584 0.010128
0 0.267750 0.216242 0.010735 0.012496
0 0.689314 0.177391 0.076640 0.028848
0 0.507616 0.752821 0.009758 0.008285
0 0.202997 0.470012 0.007001 0.007847
0 0.803200 0.658919 0.023371 0.015581
0 0.853059 0.581015 0.010907 0.015581
0 0.871755 0.596596 0.020255 0.012465
0 0.666090 0.747729 0.010907 0.015581
0 0.638044 0.640222 0.020255 0.012465
0 0.794631 0.556086 0.012465 0.015581
0 0.816444 0.552191 0.009348 0.010907
0 0.648951 0.617630 0.010907 0.014023
0 0.493144 0.777333 0.014023 0.018697
0 0.176855 0.594259 0.020255 0.023371
0 0.379404 0.322375 0.029603 0.012465
0 0.762690 0.618409 0.014023 0.012465
