0 0.877515 0.874735 0.021219 0.022695
0 0.076173 0.780694 0.009083 0.012753
0 0.424494 0.398290 0.007803 0.010463
0 0.917719 0.353687 0.009348 0.017139
0 0.666090 0.571038 0.017139 0.021813
0 0.041302 0.659070 0.010907 0.020255
0 0.023384 0.655174 0.015581 0.015581
0 0.050651 0.673092 0.010907 0.017139
0 0.329546 0.334211 0.010907 0.015581
0 0.351359 0.345118 0.014023 0.015581
0 0.354475 0.356024 0.014023 0.015581
0 0.344348 0.363815 0.018697 0.015581
0 0.345906 0.395755 0.009348 0.014023
0 0.382520 0.378616 0.020255 0.014023
0 0.394985 0.363815 0.017139 0.012465
0 0.419914 0.366152 0.017139 0.014023
0 0.426146 0.356803 0.014023 0.017139
0 0.447180 0.363036 0.021813 0.007790
0 0.391869 0.412894 0.007790 0.014023
0 0.376288 0.415231 0.010907 0.009348
0 0.377846 0.341223 0.010907 0.014023
0 0.960566 0.631024 0.010907 0.010907
0 0.659078 0.521180 0.012465 0.015581
0 0.652067 0.495472 0.014023 0.014023
0 0.653625 0.505599 0.017139 0.015581
0 0.640382 0.517285 0.015581 0.010907
