0 0.172959 0.177625 0.031161 0.038952
0 0.141019 0.243843 0.020255 0.028045
0 0.105183 0.266435 0.014023 0.017139
0 0.932520 0.121534 0.026487 0.029603
0 0.115311 0.719055 0.012465 0.015581
0 0.127775 0.719834 0.012465 0.017139
0 0.158937 0.674650 0.015581 0.014023
0 0.163611 0.661407 0.015581 0.012465
0 0.172180 0.653616 0.017139 0.009348
0 0.134008 0.655174 0.012465 0.009348
0 0.141019 0.655174 0.014023 0.012465
0 0.138682 0.668418 0.012465 0.014023
0 0.147251 0.664523 0.007790 0.012465
0 0.142577 0.671534 0.014023 0.017139
0 0.070906 0.740089 0.017139 0.014023
0 0.056104 0.732299 0.009348 0.017139
0 0.038186 0.738531 0.029603 0.014023
0 0.160495 0.709707 0.012465 0.012465
0 0.165948 0.722951 0.007790 0.017139
0 0.180750 0.680104 0.009348 0.012465
0 0.188540 0.694126 0.015581 0.018697
0 0.219702 0.335769 0.015581 0.015581
0 0.250084 0.384070 0.017139 0.018697
0 0.867081 0.287469 0.014023 0.015581
0 0.186203 0.367710 0.014023 0.017139
