0 0.956513 0.967520 0.035780 0.022211
0 0.891314 0.739464 0.033779 0.044710
0 0.686575 0.771462 0.027055 0.043389
0 0.784080 0.990585 0.033806 0.018831
0 0.769117 0.578825 0.018188 0.023350
0 0.112235 0.077852 0.016963 0.022914
0 0.513399 0.384070 0.026487 0.040510
0 0.282804 0.046747 0.048300 0.035836
0 0.320976 0.134778 0.028045 0.018697
0 0.540665 0.023376 0.040510 0.042068
0 0.677775 0.028050 0.037394 0.035836
0 0.614673 0.142568 0.038952 0.037394
0 0.936416 0.078687 0.018697 0.021813
0 0.948101 0.502483 0.023371 0.028045
