0 0.090027 0.029171 0.021504 0.018184
0 0.206780 0.373643 0.020866 0.022047
0 0.632220 0.591213 0.009599 0.007877
0 0.582499 0.100208 0.022901 0.014819
0 0.203759 0.532665 0.019413 0.023112
0 0.670820 0.092320 0.027326 0.018253
0 0.833540 0.305095 0.021570 0.015441
0 0.770669 0.303942 0.011388 0.008150
0 0.929641 0.362424 0.007035 0.007814
0 0.042620 0.339033 0.009164 0.008925
0 0.984294 0.008511 0.011646 0.015122
0 0.343565 0.909969 0.018024 0.019090
0 0.774177 0.022175 0.008130 0.009266
0 0.498105 0.098526 0.013658 0.009001
0 0.760177 0.869478 0.007331 0.007366
0 0.728817 0.009627 0.008822 0.016277
0 0.744438 0.115305 0.006854 0.007442
0 0.779050 0.133069 0.037394 0.014023
0 0.899801 0.270180 0.014023 0.014023
0 0.226713 0.026341 0.010907 0.015581
0 0.347464 0.083211 0.009348 0.023371
0 0.370056 0.115151 0.017139 0.015581
0 0.371614 0.087106 0.014023 0.015581
0 0.553129 0.133848 0.024929 0.021813
0 0.547676 0.119826 0.014023 0.009348
0 0.621685 0.133069 0.028045 0.020255
0 0.707379 0.064514 0.015581 0.014023
0 0.696472 0.052828 0.018697 0.012465
0 0.534433 0.103466 0.012465 0.010907
0 0.514178 0.061398 0.012465 0.017139
0 0.530537 0.027899 0.014023 0.015581
0 0.517294 0.030236 0.015581 0.014023
0 0.356812 0.056724 0.015581 0.014023
0 0.345906 0.062177 0.009348 0.009348
