0 0.271262 0.571787 0.005922 0.006271
0 0.862944 0.159063 0.048813 0.015722
0 0.577557 0.267778 0.007495 0.007906
0 0.291336 0.463872 0.006113 0.005991
0 0.845107 0.806184 0.010177 0.006940
0 0.549234 0.255378 0.014023 0.012465
0 0.547676 0.265505 0.014023 0.010907
0 0.582733 0.283423 0.009348 0.012465
0 0.563257 0.271738 0.014023 0.010907
0 0.555467 0.280307 0.010907 0.012465
0 0.562478 0.283423 0.015581 0.012465
0 0.700367 0.135406 0.014023 0.015581
0 0.278129 0.473508 0.014023 0.015581
0 0.511840 0.284202 0.010907 0.010907
0 0.518852 0.286539 0.009348 0.012465
