0 0.897357 0.794647 0.010213 0.015802
0 0.969363 0.070796 0.011392 0.006075
0 0.192098 0.419503 0.012908 0.007681
0 0.743427 0.460986 0.012662 0.015562
0 0.905251 0.070509 0.009852 0.006945
0 0.029085 0.231627 0.005956 0.006820
0 0.805091 0.081520 0.010937 0.006948
0 0.084944 0.262851 0.008935 0.016321
0 0.623235 0.450569 0.015708 0.016734
0 0.713689 0.504579 0.015999 0.014666
0 0.744076 0.106081 0.013241 0.008315
0 0.400705 0.527017 0.008095 0.016580
0 0.064867 0.228964 0.008061 0.007896
0 0.667274 0.289983 0.017244 0.029215
0 0.079566 0.039114 0.017238 0.018157
0 0.085290 0.368151 0.034475 0.013369
0 0.691713 0.556081 0.012749 0.016512
0 0.496505 0.361726 0.018075 0.008326
0 0.052048 0.417874 0.009140 0.016732
0 0.291255 0.375465 0.033900 0.022236
0 0.168442 0.581835 0.013317 0.015089
0 0.845472 0.688631 0.014539 0.014986
0 0.917394 0.054960 0.006920 0.006075
0 0.231969 0.330323 0.016553 0.011067
0 0.659103 0.170837 0.007881 0.009592
0 0.536367 0.207729 0.006721 0.007315
0 0.088846 0.421468 0.009208 0.009721
0 0.636948 0.194914 0.011196 0.013039
0 0.850727 0.725023 0.010513 0.022313
0 0.213680 0.515322 0.017774 0.016610
0 0.390906 0.547056 0.007374 0.007832
0 0.061139 0.722282 0.015725 0.019633
0 0.386160 0.524866 0.012367 0.008900
0 0.855962 0.919036 0.006224 0.007894
0 0.257241 0.330242 0.015115 0.014006
0 0.637617 0.101552 0.005678 0.006016
0 0.836920 0.731858 0.010686 0.015002
0 0.893845 0.057810 0.020933 0.014069
0 0.380924 0.545013 0.008788 0.009068
0 0.866366 0.733242 0.007889 0.008057
0 0.077617 0.199043 0.011773 0.011734
0 0.226467 0.544291 0.018013 0.018771
0 0.928625 0.068409 0.015581 0.009348
0 0.676217 0.161115 0.012465 0.014023
0 0.232166 0.518692 0.018697 0.012465
0 0.231387 0.528041 0.017139 0.015581
0 0.790736 0.750845 0.017139 0.015581
