0 0.320253 0.748796 0.007581 0.008516
0 0.469674 0.823794 0.010661 0.010654
0 0.442539 0.910831 0.010016 0.011840
0 0.623432 0.848514 0.008547 0.009595
0 0.455794 0.824712 0.007467 0.009807
0 0.312173 0.968386 0.013172 0.038849
0 0.384267 0.821877 0.008358 0.018522
0 0.490708 0.842895 0.024501 0.020258
0 0.436839 0.844154 0.010519 0.012409
0 0.445622 0.831086 0.015581 0.014023
0 0.607662 0.824075 0.012465 0.015581
0 0.582733 0.820959 0.009348 0.012465
0 0.558583 0.814726 0.010907 0.012465
0 0.095056 0.954174 0.015581 0.017139
0 0.029617 0.265505 0.012465 0.014023
