0 0.427293 0.913653 0.023939 0.012911
0 0.213941 0.876223 0.035515 0.017086
0 0.983530 0.285415 0.010096 0.010477
0 0.360055 0.858605 0.015154 0.016673
0 0.184627 0.928231 0.010904 0.007663
0 0.236434 0.774214 0.006869 0.008833
0 0.097393 0.882503 0.026487 0.023371
0 0.175297 0.908211 0.014023 0.012465
0 0.493144 0.979882 0.014023 0.012465
0 0.220481 0.817843 0.014023 0.015581
0 0.966019 0.271738 0.012465 0.017139
0 0.994843 0.290435 0.007790 0.010907
0 0.867081 0.055945 0.007790 0.009348
0 0.794631 0.162673 0.012465 0.014023
