0 0.215455 0.867146 0.018011 0.010331
0 0.935741 0.719228 0.016429 0.015775
0 0.291444 0.582901 0.007123 0.007533
0 0.995665 0.332821 0.007594 0.009463
0 0.701630 0.321632 0.007820 0.007345
0 0.212780 0.296560 0.006697 0.006376
0 0.213609 0.701560 0.019203 0.018682
0 0.823548 0.204143 0.012529 0.013045
0 0.743993 0.267064 0.010907 0.017139
0 0.785282 0.536610 0.012465 0.014023
0 0.472889 0.817843 0.014023 0.015581
0 0.453413 0.646455 0.018697 0.009348
0 0.435495 0.574004 0.017139 0.017139
0 0.069348 0.954953 0.020255 0.018697
0 0.074801 0.916001 0.015581 0.015581
0 0.463540 0.933919 0.017139 0.023371
0 0.458866 0.941709 0.017139 0.017139
0 0.454192 0.950279 0.017139 0.012465
0 0.440948 0.944826 0.012465 0.010907
0 0.435495 0.952616 0.010907 0.010907
0 0.437053 0.930803 0.007790 0.014023
0 0.424588 0.936256 0.014023 0.009348
0 0.417577 0.943268 0.015581 0.010907
0 0.415240 0.951058 0.010907 0.010907
0 0.405112 0.959627 0.012465 0.012465
