0 0.527364 0.829597 0.032992 0.025689
0 0.215552 0.645369 0.013407 0.017098
0 0.445062 0.590883 0.018620 0.018394
0 0.855170 0.922198 0.010392 0.009448
0 0.218575 0.739404 0.013239 0.009385
0 0.522943 0.726116 0.022954 0.016085
0 0.888285 0.730700 0.021994 0.012647
0 0.585250 0.904230 0.012213 0.010730
0 0.652293 0.952105 0.012885 0.009243
0 0.623539 0.666563 0.012691 0.009437
0 0.736266 0.691557 0.015459 0.010410
0 0.335479 0.250343 0.007460 0.008905
0 0.996349 0.552655 0.007302 0.009827
0 0.332618 0.230596 0.008282 0.009630
0 0.260991 0.365222 0.014023 0.014023
0 0.025721 0.149429 0.014023 0.015581
0 0.030396 0.179032 0.014023 0.021813
0 0.010920 0.173579 0.009348 0.010907
0 0.014815 0.097234 0.017139 0.017139
0 0.035070 0.105803 0.014023 0.009348
0 0.032733 0.085548 0.009348 0.012465
0 0.024163 0.066072 0.014023 0.014023
0 0.024942 0.050491 0.009348 0.014023
0 0.010920 0.052049 0.009348 0.007790
0 0.011699 0.034911 0.007790 0.010907
0 0.140240 0.164231 0.012465 0.020255
0 0.312407 0.258494 0.010907 0.012465
0 0.246189 0.630095 0.009348 0.017139
0 0.782166 0.521030 0.009348 0.017139
0 0.773597 0.490647 0.014023 0.012465
