0 0.210235 0.581204 0.023318 0.037431
0 0.349680 0.568100 0.009918 0.007962
0 0.135094 0.952625 0.015681 0.006690
0 0.615141 0.990420 0.007841 0.012786
0 0.071923 0.961969 0.012729 0.018422
0 0.615955 0.932898 0.009654 0.010577
0 0.145323 0.845234 0.020159 0.016010
0 0.684953 0.006857 0.008287 0.009655
0 0.814112 0.021957 0.008840 0.007792
0 0.851233 0.065649 0.008858 0.007995
0 0.914455 0.098906 0.011224 0.014365
0 0.159249 0.821136 0.018553 0.009054
0 0.364199 0.583057 0.008869 0.007882
0 0.364540 0.752517 0.017029 0.019081
0 0.272177 0.938055 0.007939 0.009038
0 0.390200 0.726729 0.012600 0.015205
0 0.177717 0.915717 0.013728 0.013182
0 0.204747 0.840971 0.009264 0.008204
0 0.272619 0.558066 0.011796 0.007564
0 0.841081 0.619467 0.006733 0.010608
0 0.801720 0.734238 0.012450 0.014103
0 0.453997 0.751055 0.016062 0.025437
0 0.930879 0.083762 0.008352 0.008880
0 0.890257 0.027547 0.007603 0.008487
0 0.887693 0.120055 0.011256 0.008241
0 0.256606 0.847908 0.012668 0.010791
0 0.897191 0.013380 0.009237 0.008641
0 0.708507 0.435782 0.008251 0.007638
0 0.522482 0.543894 0.014529 0.019052
0 0.713948 0.376328 0.008357 0.013970
0 0.599063 0.770561 0.007863 0.010767
0 0.575167 0.528104 0.008498 0.015067
0 0.691560 0.025701 0.008227 0.007916
0 0.921369 0.064435 0.009655 0.008194
0 0.923803 0.152000 0.012886 0.011556
0 0.688141 0.043850 0.008756 0.009263
0 0.877646 0.154692 0.009591 0.012049
0 0.746688 0.430343 0.007533 0.014129
0 0.788393 0.045866 0.011866 0.013331
0 0.722876 0.526236 0.012725 0.014320
0 0.846623 0.795570 0.007631 0.009739
0 0.434426 0.532149 0.008310 0.009286
0 0.600794 0.274996 0.012026 0.014167
0 0.650714 0.011640 0.015212 0.015013
0 0.711758 0.085143 0.010716 0.008872
0 0.748826 0.009269 0.010250 0.009243
0 0.561738 0.196094 0.011863 0.013276
0 0.911058 0.035319 0.008110 0.007759
0 0.910470 0.172705 0.008173 0.010711
0 0.678495 0.045329 0.008837 0.008910
0 0.778014 0.087752 0.013097 0.021741
0 0.909441 0.052187 0.009304 0.009239
0 0.323177 0.781287 0.010565 0.016801
0 0.463851 0.519957 0.013100 0.014264
0 0.459128 0.613901 0.015626 0.024177
0 0.699239 0.065219 0.009324 0.008906
0 0.593231 0.194662 0.012022 0.010822
0 0.548918 0.339458 0.009373 0.010506
0 0.928010 0.180159 0.008883 0.012617
0 0.690689 0.184507 0.013845 0.010150
0 0.377102 0.533425 0.007481 0.009880
0 0.872933 0.014760 0.009838 0.009432
0 0.721239 0.264068 0.009045 0.012391
0 0.762942 0.175999 0.015371 0.017164
0 0.678431 0.058084 0.009017 0.010028
0 0.399659 0.556086 0.020255 0.012465
0 0.325651 0.614514 0.012465 0.020255
0 0.317081 0.535052 0.014023 0.020255
0 0.197110 0.791355 0.014023 0.015581
0 0.256316 0.797588 0.010907 0.015581
0 0.292152 0.928466 0.017139 0.021813
0 0.333441 0.859132 0.012465 0.017139
0 0.454192 0.972871 0.010907 0.017139
0 0.508724 0.980661 0.017139 0.017139
0 0.545339 0.930024 0.012465 0.015581
0 0.733087 0.456370 0.014023 0.012465
0 0.758795 0.489089 0.015581 0.015581
0 0.630254 0.732928 0.014023 0.017139
0 0.394985 0.692418 0.007790 0.014023
0 0.424588 0.711115 0.010907 0.020255
0 0.419914 0.684627 0.014023 0.010907
0 0.384857 0.676058 0.015581 0.012465
0 0.341231 0.707219 0.015581 0.015581
0 0.387195 0.622304 0.007790 0.020255
0 0.411345 0.651129 0.009348 0.012465
0 0.267223 0.569330 0.014023 0.010907
0 0.447959 0.484415 0.020255 0.018697
0 0.602988 0.243692 0.009348 0.017139
0 0.880325 0.388593 0.015581 0.014023
0 0.612336 0.438452 0.009348 0.007790
0 0.648951 0.196171 0.014023 0.018697
0 0.675438 0.161894 0.017139 0.021813
0 0.662974 0.158777 0.017139 0.015581
0 0.760353 0.062177 0.009348 0.018697
0 0.751005 0.051270 0.012465 0.012465
0 0.932520 0.106582 0.010907 0.010907
0 0.923172 0.050491 0.010907 0.010907
0 0.577280 0.182149 0.007790 0.012465
0 0.578059 0.209415 0.015581 0.017139
0 0.718285 0.034911 0.009348 0.017139
