0 0.961157 0.344691 0.031487 0.033498
0 0.606264 0.399068 0.013143 0.023864
0 0.168802 0.662444 0.007902 0.010685
0 0.436918 0.632295 0.014435 0.023675
0 0.553338 0.104765 0.013764 0.015896
0 0.273445 0.635029 0.007520 0.008646
0 0.625288 0.867768 0.012546 0.017408
0 0.565141 0.276283 0.012084 0.016389
0 0.379357 0.352140 0.006639 0.008548
0 0.600867 0.031717 0.024871 0.062977
0 0.832733 0.463757 0.009281 0.008650
0 0.517206 0.857262 0.008507 0.009096
0 0.611162 0.141149 0.016465 0.035573
0 0.898563 0.818992 0.007276 0.008402
0 0.272585 0.814383 0.008243 0.008801
0 0.702955 0.903285 0.007396 0.007654
0 0.005667 0.979152 0.011333 0.018494
0 0.927399 0.100401 0.009879 0.008672
0 0.343569 0.529599 0.014023 0.018697
0 0.384857 0.816285 0.018697 0.031161
0 0.352917 0.814726 0.017139 0.015581
0 0.020268 0.415081 0.012465 0.014023
0 0.558583 0.763310 0.010907 0.012465
0 0.810991 0.965081 0.010907 0.014023
0 0.950438 0.167347 0.015581 0.020255
0 0.652846 0.192276 0.009348 0.017139
0 0.445622 0.108919 0.015581 0.021813
0 0.542223 0.441568 0.012465 0.017139
