0 0.963427 0.369797 0.008489 0.009751
0 0.939481 0.510684 0.007164 0.007545
0 0.056801 0.880593 0.023025 0.035468
0 0.555840 0.020708 0.006456 0.007010
0 0.554722 0.029665 0.007651 0.006534
0 0.988174 0.370244 0.021724 0.020254
0 0.557666 0.036812 0.009286 0.009192
0 0.573034 0.038779 0.006999 0.008082
0 0.959868 0.636106 0.016236 0.007950
0 0.923441 0.659947 0.010587 0.009595
0 0.936416 0.646455 0.015581 0.012465
0 0.940311 0.641780 0.010907 0.012465
0 0.959787 0.719684 0.012465 0.012465
0 0.938753 0.712673 0.010907 0.014023
0 0.926288 0.676058 0.020255 0.015581
0 0.056883 0.025562 0.010907 0.017139
0 0.111416 0.031015 0.014023 0.015581
0 0.032733 0.079316 0.015581 0.012465
0 0.460424 0.013877 0.010907 0.009348
0 0.453413 0.019330 0.012465 0.014023
0 0.921614 0.043480 0.014023 0.018697
0 0.931741 0.033353 0.018697 0.020255
0 0.962124 0.037248 0.010907 0.015581
0 0.994064 0.958848 0.009348 0.020255
