0 0.587484 0.757750 0.032481 0.025487
0 0.904488 0.553525 0.013644 0.007509
0 0.230896 0.403228 0.018986 0.009787
0 0.379718 0.912464 0.013801 0.008430
0 0.048561 0.301416 0.013268 0.008585
0 0.783196 0.364490 0.015768 0.007946
0 0.955250 0.650013 0.034631 0.020206
0 0.456442 0.440036 0.014660 0.007445
0 0.811047 0.434696 0.016101 0.009168
0 0.957048 0.426188 0.017967 0.009431
0 0.585698 0.392809 0.012010 0.008606
0 0.603168 0.415984 0.015416 0.007834
0 0.226427 0.283206 0.011061 0.008729
0 0.352535 0.517597 0.010004 0.007752
0 0.082591 0.816285 0.009348 0.015581
0 0.348243 0.340293 0.026487 0.023371
0 0.438611 0.287319 0.017139 0.010907
