0 0.145190 0.595792 0.020172 0.020332
0 0.654748 0.804872 0.031150 0.025258
0 0.293724 0.518358 0.017428 0.019455
0 0.068932 0.393474 0.011619 0.015357
0 0.144148 0.719809 0.028537 0.011579
0 0.336386 0.569799 0.024493 0.011453
0 0.389501 0.747490 0.037962 0.011490
0 0.503388 0.640371 0.050932 0.034589
0 0.155927 0.383578 0.010350 0.018062
0 0.329025 0.648305 0.031902 0.011938
0 0.069790 0.584846 0.027461 0.021892
0 0.238109 0.609789 0.022187 0.010573
0 0.231025 0.740998 0.015344 0.008805
0 0.290965 0.691515 0.021196 0.007762
0 0.750779 0.595648 0.028037 0.024922
0 0.214953 0.809823 0.028037 0.017134
0 0.155763 0.914963 0.034268 0.049844
0 0.297508 0.792689 0.024922 0.014019
0 0.209502 0.654060 0.042056 0.026480
0 0.218847 0.521661 0.023364 0.014019
0 0.274143 0.470259 0.021807 0.023364
0 0.954050 0.085524 0.026480 0.014019
0 0.719626 0.139262 0.018692 0.021807
0 0.052960 0.506085 0.018692 0.020249
0 0.156542 0.516988 0.017134 0.023364
0 0.143302 0.459356 0.021807 0.029595
0 0.110592 0.417299 0.015576 0.023364
0 0.119159 0.362782 0.014019 0.023364
0 0.058411 0.437549 0.026480 0.026480
0 0.014798 0.398608 0.010903 0.023364
0 0.005452 0.490508 0.010903 0.017134
0 0.080218 0.313717 0.014019 0.015576
0 0.058411 0.347985 0.014019 0.015576
0 0.007009 0.318390 0.014019 0.021807
0 0.510903 0.991287 0.024922 0.015576
0 0.543614 0.107331 0.021807 0.014019
