0 0.216586 0.070118 0.009348 0.014023
0 0.225934 0.076350 0.015581 0.007790
0 0.367719 0.098942 0.009348 0.012465
0 0.366940 0.110628 0.010907 0.014023
0 0.377846 0.105953 0.010907 0.014023
0 0.387974 0.095047 0.012465 0.014023
0 0.400438 0.096605 0.009348 0.010907
0 0.408229 0.104395 0.012465 0.014023
0 0.423809 0.129325 0.009348 0.010907
0 0.403554 0.119976 0.009348 0.007790
0 0.391090 0.123092 0.012465 0.010907
0 0.400438 0.130883 0.009348 0.010907
0 0.413682 0.137115 0.014023 0.007790
0 0.416798 0.151138 0.010907 0.007790
0 0.404333 0.148800 0.010907 0.012465
0 0.387974 0.161265 0.012465 0.012465
0 0.377846 0.141789 0.014023 0.014023
0 0.031954 0.269551 0.017139 0.014023
