0 0.936737 0.196252 0.024193 0.026758
0 0.178119 0.258224 0.020471 0.029508
0 0.123055 0.795938 0.012069 0.012614
0 0.073243 0.819551 0.034278 0.010907
0 0.036628 0.820330 0.023371 0.009348
0 0.052209 0.810203 0.023371 0.010907
0 0.141798 0.321747 0.028045 0.024929
0 0.103625 0.343560 0.023371 0.024929
0 0.186982 0.446393 0.009348 0.018697
0 0.218144 0.411336 0.018697 0.017139
0 0.251642 0.464310 0.020255 0.017139
0 0.867081 0.366152 0.014023 0.014023
0 0.159716 0.740868 0.014023 0.015581
0 0.140240 0.742427 0.012465 0.012465
0 0.148030 0.751775 0.018697 0.015581
0 0.148030 0.729183 0.009348 0.014023
0 0.165169 0.728404 0.012465 0.012465
0 0.158158 0.788390 0.010907 0.017139
0 0.169064 0.800075 0.010907 0.012465
0 0.183087 0.760344 0.014023 0.010907
0 0.164390 0.752554 0.014023 0.017139
0 0.162053 0.439381 0.012465 0.014023
