0 0.498063 0.548818 0.007038 0.007275
0 0.375737 0.688822 0.005883 0.008116
0 0.297260 0.809835 0.008437 0.006393
0 0.323529 0.898637 0.005630 0.007336
0 0.622143 0.344192 0.006234 0.006420
0 0.179981 0.526470 0.005956 0.007097
0 0.261804 0.423996 0.008005 0.007644
0 0.563357 0.376582 0.011658 0.008540
0 0.471023 0.478805 0.008138 0.008294
0 0.152557 0.527105 0.009789 0.018318
0 0.362042 0.995387 0.007815 0.006561
0 0.118514 0.055480 0.030976 0.018815
0 0.455132 0.692712 0.007803 0.019978
0 0.493871 0.372252 0.025010 0.010558
0 0.454041 0.466413 0.008279 0.008945
0 0.795997 0.172722 0.033244 0.028493
0 0.594441 0.534180 0.006681 0.007958
0 0.615812 0.519542 0.008737 0.010523
0 0.103023 0.502799 0.006958 0.012043
0 0.101310 0.507329 0.005586 0.006971
0 0.436274 0.074641 0.012465 0.012465
0 0.077917 0.577120 0.015581 0.010907
