0 0.605216 0.969088 0.013417 0.026552
0 0.615433 0.732277 0.015090 0.007671
0 0.539498 0.755571 0.009518 0.008731
0 0.633345 0.585029 0.007260 0.007896
0 0.031354 0.501978 0.014429 0.006498
0 0.144448 0.517357 0.010869 0.007430
0 0.607021 0.423024 0.009434 0.007095
0 0.209759 0.604054 0.008075 0.006470
0 0.133910 0.544259 0.015656 0.011973
0 0.418935 0.689958 0.014990 0.009004
0 0.346782 0.241428 0.013016 0.012125
0 0.701997 0.272082 0.027111 0.009736
0 0.109195 0.601937 0.029940 0.017410
0 0.008334 0.299070 0.013658 0.011950
0 0.606603 0.544683 0.011432 0.018711
0 0.546431 0.721373 0.011014 0.016095
0 0.144914 0.612956 0.028045 0.017139
0 0.288257 0.600491 0.059207 0.032720
0 0.582733 0.841214 0.024929 0.037394
0 0.553129 0.838877 0.018697 0.042068
0 0.559362 0.884061 0.012465 0.029603
0 0.571047 0.962743 0.010907 0.037394
0 0.228271 0.573225 0.014023 0.009348
