0 0.064831 0.865384 0.014432 0.019639
0 0.232108 0.795572 0.008210 0.010025
0 0.397353 0.694522 0.015282 0.022040
0 0.804012 0.964438 0.011428 0.009947
0 0.461017 0.330918 0.017381 0.023435
0 0.555041 0.413289 0.017345 0.023102
0 0.204123 0.870465 0.018419 0.013762
0 0.803785 0.758227 0.016341 0.010013
0 0.214904 0.265992 0.009842 0.010954
0 0.288234 0.898675 0.020279 0.011389
0 0.470084 0.477067 0.010800 0.012991
0 0.377391 0.864821 0.025208 0.018347
0 0.398458 0.876369 0.011090 0.008057
0 0.294526 0.516681 0.007796 0.011639
0 0.530631 0.562533 0.007697 0.008873
0 0.195602 0.927674 0.007339 0.008462
0 0.050335 0.748190 0.007760 0.008060
0 0.427130 0.154619 0.007428 0.009108
0 0.004080 0.910877 0.008161 0.017218
0 0.017139 0.955035 0.008490 0.008111
0 0.280130 0.699336 0.006339 0.007924
0 0.352829 0.243598 0.006566 0.007714
0 0.494743 0.162852 0.018474 0.031829
0 0.338975 0.438725 0.008614 0.009919
0 0.390913 0.278777 0.007131 0.007175
0 0.900859 0.763971 0.013240 0.009642
0 0.327735 0.315851 0.015851 0.029842
0 0.377744 0.437182 0.009631 0.010475
0 0.656113 0.743300 0.009812 0.007251
0 0.474058 0.882919 0.007692 0.007269
0 0.292931 0.257715 0.015581 0.029603
0 0.404333 0.203962 0.017139 0.021813
0 0.386416 0.186044 0.012465 0.023371
0 0.771260 0.211752 0.015581 0.018697
0 0.716727 0.284202 0.012465 0.014023
0 0.375509 0.851341 0.031161 0.014023
0 0.842931 0.795251 0.037394 0.014023
