0 0.649086 0.076459 0.012445 0.017251
0 0.663099 0.501508 0.017051 0.019244
0 0.032801 0.132832 0.011826 0.009646
0 0.733896 0.689297 0.011426 0.013141
0 0.667648 0.968347 0.045184 0.028045
0 0.497039 0.987823 0.040510 0.020255
0 0.397322 0.772030 0.034278 0.049858
0 0.606104 0.741647 0.052975 0.045184
0 0.478342 0.580387 0.021813 0.031161
0 0.253200 0.023376 0.048300 0.045184
0 0.388753 0.029608 0.035836 0.032720
0 0.228271 0.385628 0.029603 0.056091
0 0.786061 0.324863 0.020255 0.024929
0 0.804758 0.371605 0.026487 0.024929
