0 0.918721 0.136261 0.009506 0.007830
0 0.155950 0.215589 0.011218 0.007110
0 0.782117 0.282575 0.005726 0.006371
0 0.542463 0.480159 0.005128 0.005536
0 0.771116 0.278493 0.009625 0.010038
0 0.776081 0.256087 0.008335 0.009558
0 0.786497 0.273044 0.007045 0.008518
0 0.777160 0.273155 0.010695 0.010945
0 0.766586 0.256936 0.009348 0.012465
0 0.766586 0.265505 0.009348 0.010907
0 0.799305 0.282644 0.009348 0.010907
0 0.733866 0.286539 0.018697 0.012465
0 0.497039 0.473508 0.009348 0.015581
0 0.509503 0.463381 0.009348 0.014023
