0 0.056255 0.925386 0.008075 0.015000
0 0.908685 0.667214 0.006637 0.007072
0 0.516898 0.605451 0.011297 0.021228
0 0.616310 0.319782 0.007211 0.007211
0 0.865008 0.592752 0.006864 0.007398
0 0.942545 0.667312 0.006232 0.007606
0 0.604089 0.487484 0.014031 0.007115
0 0.619272 0.426233 0.025746 0.011835
0 0.467488 0.209040 0.006410 0.006442
0 0.921519 0.687002 0.006543 0.007733
0 0.581350 0.627566 0.015635 0.017926
0 0.536846 0.678806 0.007760 0.010119
0 0.082895 0.771849 0.007516 0.008957
0 0.874591 0.660944 0.016869 0.009736
0 0.109387 0.932506 0.006738 0.009575
0 0.885731 0.682525 0.014632 0.011153
0 0.615167 0.616970 0.005927 0.006493
0 0.820258 0.583735 0.024677 0.017030
0 0.322268 0.674018 0.010723 0.021590
0 0.302548 0.118858 0.019302 0.027768
0 0.754773 0.127560 0.007298 0.007866
0 0.752045 0.582157 0.011347 0.011939
0 0.836926 0.096462 0.006717 0.007283
0 0.872303 0.648678 0.009670 0.006731
0 0.922201 0.940540 0.011510 0.012599
0 0.031030 0.976626 0.007676 0.009624
0 0.327209 0.722800 0.015581 0.018697
0 0.437832 0.586469 0.015581 0.010907
0 0.459645 0.875491 0.012465 0.012465
0 0.443285 0.841993 0.007790 0.010907
0 0.465098 0.894967 0.010907 0.014023
0 0.463540 0.912885 0.020255 0.012465
0 0.452634 0.918338 0.010907 0.017139
0 0.460424 0.923013 0.010907 0.014023
0 0.544560 0.879387 0.010907 0.017139
0 0.507166 0.894967 0.010907 0.010907
0 0.548455 0.897304 0.009348 0.012465
0 0.564815 0.926129 0.010907 0.010907
0 0.556246 0.919117 0.015581 0.012465
0 0.554688 0.936256 0.012465 0.012465
0 0.564815 0.937814 0.010907 0.015581
0 0.573384 0.937814 0.009348 0.012465
0 0.553129 0.954953 0.009348 0.012465
0 0.496260 0.651129 0.020255 0.018697
0 0.436274 0.523367 0.012465 0.012465
0 0.504829 0.453253 0.015581 0.012465
0 0.562478 0.672942 0.015581 0.015581
0 0.560141 0.646455 0.010907 0.012465
0 0.572605 0.574004 0.014023 0.014023
0 0.592081 0.584911 0.012465 0.017139
0 0.546897 0.549854 0.009348 0.018697
0 0.740098 0.596596 0.009348 0.015581
0 0.758795 0.596596 0.012465 0.015581
0 0.931741 0.930024 0.012465 0.012465
0 0.961345 0.936256 0.009348 0.009348
0 0.912265 0.787460 0.014023 0.010907
0 0.930962 0.838877 0.014023 0.020255
0 0.906812 0.800704 0.015581 0.015581
0 0.906812 0.811610 0.018697 0.015581
0 0.912265 0.820180 0.017139 0.010907
0 0.916161 0.830307 0.012465 0.015581
