0 0.111129 0.803960 0.007475 0.014814
0 0.231234 0.548461 0.021434 0.014126
0 0.181309 0.769764 0.018134 0.011051
0 0.144577 0.442638 0.006752 0.006853
0 0.512224 0.669444 0.009726 0.009085
0 0.865154 0.074929 0.021828 0.027575
0 0.352270 0.640109 0.013954 0.007999
0 0.534680 0.672633 0.011405 0.010870
0 0.859218 0.681963 0.017411 0.010307
0 0.462899 0.704189 0.009672 0.009233
0 0.374333 0.579113 0.009266 0.007119
0 0.339270 0.737707 0.033101 0.014212
0 0.568146 0.692798 0.011718 0.008561
0 0.645450 0.454739 0.011762 0.008111
0 0.107369 0.699031 0.007009 0.008409
0 0.587985 0.128709 0.021858 0.018314
0 0.599968 0.524746 0.008548 0.007605
0 0.705821 0.027120 0.021813 0.020255
0 0.965240 0.401837 0.020255 0.018697
0 0.950438 0.307573 0.024929 0.026487
0 0.706600 0.644117 0.032720 0.014023
0 0.286699 0.587248 0.021813 0.018697
0 0.873314 0.146313 0.017139 0.012465
0 0.924730 0.020888 0.010907 0.017139
