0 0.600326 0.847522 0.022209 0.032311
0 0.733708 0.112554 0.028929 0.014625
0 0.737973 0.792258 0.031133 0.015372
0 0.846067 0.730625 0.018092 0.012683
0 0.559506 0.653767 0.021642 0.011959
0 0.561699 0.762681 0.017139 0.031161
0 0.693356 0.705812 0.024929 0.017139
0 0.802421 0.673092 0.021813 0.017139
0 0.901359 0.730741 0.023371 0.032720
0 0.934078 0.737752 0.020255 0.018697
0 0.954333 0.731520 0.020255 0.018697
0 0.972251 0.741647 0.031161 0.017139
0 0.421472 0.592851 0.020255 0.018697
0 0.303059 0.609990 0.026487 0.040510
0 0.323314 0.613106 0.014023 0.015581
0 0.340452 0.592851 0.032720 0.018697
0 0.268002 0.579608 0.012465 0.020255
0 0.291373 0.566364 0.024929 0.012465
0 0.406671 0.578829 0.012465 0.015581
0 0.407450 0.863177 0.014023 0.020255
0 0.472110 0.806308 0.012465 0.015581
0 0.566373 0.543772 0.017139 0.010907
0 0.597535 0.552342 0.014023 0.015581
0 0.517294 0.539098 0.012465 0.010907
0 0.063894 0.639594 0.015581 0.015581
0 0.046755 0.664523 0.021813 0.021813
0 0.044418 0.622455 0.020255 0.024929
0 0.722959 0.138673 0.028045 0.017139
0 0.686345 0.131662 0.014023 0.015581
0 0.466656 0.173730 0.014023 0.021813
0 0.483795 0.185415 0.017139 0.010907
0 0.473668 0.194764 0.018697 0.017139
0 0.519631 0.242285 0.010907 0.018697
0 0.681671 0.552342 0.014023 0.012465
0 0.657520 0.552342 0.018697 0.012465
0 0.676996 0.509495 0.017139 0.014023
0 0.657520 0.517285 0.021813 0.020255
0 0.625580 0.514169 0.017139 0.007790
0 0.406671 0.477554 0.015581 0.018697
0 0.423030 0.471322 0.014023 0.015581
0 0.433937 0.473659 0.017139 0.023371
0 0.445622 0.475996 0.021813 0.024929
0 0.256316 0.542214 0.014023 0.014023
0 0.233724 0.521180 0.012465 0.015581
0 0.199447 0.529749 0.021813 0.010907
0 0.182308 0.529749 0.012465 0.017139
0 0.089603 0.539098 0.010907 0.017139
0 0.105183 0.533645 0.010907 0.015581
0 0.095056 0.518843 0.015581 0.020255
0 0.015594 0.584282 0.012465 0.017139
