0 0.144552 0.844260 0.012090 0.020103
0 0.058674 0.822730 0.011770 0.019714
0 0.984136 0.196947 0.028376 0.028289
0 0.904618 0.185006 0.020520 0.013460
0 0.939622 0.110541 0.021079 0.014274
0 0.220267 0.905357 0.018354 0.006982
0 0.725078 0.376801 0.010903 0.029595
0 0.867601 0.381474 0.031153 0.010903
0 0.952492 0.468701 0.020249 0.026480
0 0.718847 0.525555 0.023364 0.024922
0 0.748442 0.975711 0.026480 0.015576
0 0.934579 0.069169 0.024922 0.028037
0 0.730530 0.045025 0.018692 0.032710
0 0.549844 0.031007 0.018692 0.020249
0 0.422118 0.023218 0.034268 0.038941
0 0.476636 0.384589 0.021807 0.023364
0 0.464174 0.303592 0.028037 0.026480
0 0.109034 0.795025 0.024922 0.018692
0 0.335670 0.955461 0.042056 0.021807
0 0.242212 0.990508 0.029595 0.017134
0 0.294393 0.904060 0.018692 0.034268
0 0.271807 0.854215 0.010903 0.024922
0 0.145639 0.978826 0.032710 0.018692
0 0.072430 0.965586 0.038941 0.026480
0 0.053738 0.893935 0.020249 0.026480
0 0.152648 0.902502 0.021807 0.031153
0 0.158100 0.766988 0.014019 0.028037
0 0.117601 0.745960 0.010903 0.026480
0 0.079439 0.697673 0.015576 0.020249
0 0.048287 0.664963 0.012461 0.007788
0 0.067757 0.778670 0.017134 0.023364
0 0.014019 0.779449 0.012461 0.015576
0 0.007009 0.865119 0.014019 0.021807
0 0.005452 0.689885 0.010903 0.023364
0 0.545171 0.488172 0.015576 0.021807
