0 0.546196 0.082931 0.028492 0.029845
0 0.368857 0.644930 0.012488 0.013493
0 0.307435 0.656853 0.015102 0.016738
0 0.597995 0.346672 0.037319 0.012278
0 0.603299 0.186604 0.030216 0.018488
0 0.117399 0.030092 0.036666 0.018768
0 0.119231 0.979823 0.017204 0.008406
0 0.502065 0.586229 0.011619 0.021073
0 0.373710 0.565175 0.013492 0.014650
0 0.232236 0.980673 0.014707 0.008172
0 0.690810 0.210426 0.023364 0.007788
0 0.778816 0.252482 0.040498 0.020249
0 0.894081 0.363074 0.056075 0.045171
0 0.722741 0.353729 0.043614 0.020249
0 0.686137 0.310894 0.023364 0.015576
0 0.625389 0.262607 0.017134 0.018692
0 0.538162 0.282077 0.035826 0.029595
0 0.536604 0.402015 0.017134 0.029595
0 0.631620 0.387218 0.029595 0.018692
0 0.730530 0.427716 0.028037 0.018692
0 0.684579 0.478339 0.023364 0.023364
0 0.615265 0.476003 0.024922 0.015576
0 0.663551 0.526626 0.018692 0.023364
0 0.548287 0.483012 0.021807 0.029595
0 0.461059 0.412140 0.034268 0.028037
0 0.441589 0.486906 0.014019 0.024922
0 0.394081 0.513386 0.012461 0.024922
0 0.533489 0.538308 0.014019 0.024922
0 0.449377 0.559336 0.010903 0.029595
0 0.459502 0.605286 0.012461 0.021807
0 0.402648 0.601392 0.010903 0.029595
0 0.547508 0.614632 0.014019 0.024922
0 0.510903 0.637218 0.018692 0.029595
0 0.907321 0.009492 0.042056 0.017134
0 0.936137 0.893448 0.009346 0.012461
0 0.347352 0.970551 0.024922 0.010903
0 0.317757 0.701081 0.034268 0.017134
0 0.385514 0.750925 0.017134 0.017134
0 0.469626 0.687841 0.014019 0.015576
0 0.394081 0.687062 0.012461 0.017134
0 0.447040 0.654352 0.009346 0.014019
