0 0.393809 0.133360 0.011049 0.014558
0 0.442729 0.109542 0.012409 0.018236
0 0.664148 0.146474 0.017132 0.017415
0 0.315668 0.317911 0.022153 0.008801
0 0.394211 0.306331 0.011986 0.016540
0 0.508792 0.255205 0.014509 0.018683
0 0.545759 0.100173 0.012525 0.026612
0 0.385440 0.367879 0.015661 0.013469
0 0.403388 0.220002 0.009887 0.014878
0 0.306854 0.274289 0.015576 0.023364
0 0.369938 0.264944 0.020249 0.017134
0 0.375389 0.183947 0.012461 0.023364
0 0.462617 0.030520 0.024922 0.031153
0 0.535047 0.019616 0.023364 0.021807
0 0.633178 0.006377 0.026480 0.010903
0 0.725078 0.044539 0.035826 0.012461
0 0.685358 0.099835 0.021807 0.023364
0 0.611371 0.094383 0.020249 0.018692
0 0.536604 0.154352 0.020249 0.020249
0 0.450156 0.176937 0.018692 0.024922
0 0.460280 0.222109 0.017134 0.018692
0 0.501558 0.203417 0.015576 0.021807
0 0.545950 0.230676 0.023364 0.020249
0 0.469626 0.305442 0.010903 0.014019
0 0.874611 0.620863 0.029595 0.012461
0 0.858255 0.694071 0.037383 0.012461
0 0.119938 0.595940 0.024922 0.018692
0 0.140187 0.632545 0.012461 0.023364
0 0.235202 0.595940 0.028037 0.018692
0 0.307632 0.628651 0.020249 0.015576
0 0.348910 0.588931 0.021807 0.014019
0 0.275701 0.699523 0.018692 0.014019
0 0.210280 0.659803 0.028037 0.021807
0 0.204829 0.700302 0.020249 0.015576
0 0.119159 0.664476 0.017134 0.012461
0 0.059190 0.624757 0.021807 0.007788
0 0.038941 0.672264 0.018692 0.012461
0 0.015576 0.748588 0.012461 0.012461
0 0.943925 0.969772 0.018692 0.018692
0 0.814642 0.973666 0.037383 0.035826
0 0.936916 0.511049 0.014019 0.017134
