0 0.854810 0.595792 0.020172 0.020332
0 0.345252 0.804872 0.031150 0.025258
0 0.706276 0.518358 0.017428 0.019455
0 0.931068 0.393474 0.011619 0.015357
0 0.855852 0.719809 0.028537 0.011579
0 0.663614 0.569799 0.024493 0.011453
0 0.610499 0.747490 0.037962 0.011490
0 0.496612 0.640371 0.050932 0.034589
0 0.844073 0.383578 0.010350 0.018062
0 0.670975 0.648305 0.031902 0.011938
0 0.930210 0.584846 0.027461 0.021892
0 0.761891 0.609789 0.022187 0.010573
0 0.768975 0.740998 0.015344 0.008805
0 0.709035 0.691515 0.021196 0.007762
0 0.249221 0.595648 0.028037 0.024922
0 0.785047 0.809823 0.028037 0.017134
0 0.844237 0.914963 0.034268 0.049844
0 0.702492 0.792689 0.024922 0.014019
0 0.790498 0.654060 0.042056 0.026480
0 0.781153 0.521661 0.023364 0.014019
0 0.725857 0.470259 0.021807 0.023364
0 0.045950 0.085524 0.026480 0.014019
0 0.280374 0.139262 0.018692 0.021807
0 0.947040 0.506085 0.018692 0.020249
0 0.843458 0.516988 0.017134 0.023364
0 0.856698 0.459356 0.021807 0.029595
0 0.889408 0.417299 0.015576 0.023364
0 0.880841 0.362782 0.014019 0.023364
0 0.941589 0.437549 0.026480 0.026480
0 0.985202 0.398608 0.010903 0.023364
0 0.994548 0.490508 0.010903 0.017134
0 0.919782 0.313717 0.014019 0.015576
0 0.941589 0.347985 0.014019 0.015576
0 0.992991 0.318390 0.014019 0.021807
0 0.489097 0.991287 0.024922 0.015576
0 0.456386 0.107331 0.021807 0.014019
