0 0.453804 0.917069 0.028492 0.029845
0 0.631143 0.355070 0.012488 0.013493
0 0.692565 0.343147 0.015102 0.016738
0 0.402005 0.653328 0.037319 0.012278
0 0.396701 0.813396 0.030216 0.018488
0 0.882601 0.969908 0.036666 0.018768
0 0.880769 0.020177 0.017204 0.008406
0 0.497935 0.413771 0.011619 0.021073
0 0.626290 0.434825 0.013492 0.014650
0 0.767764 0.019327 0.014707 0.008172
0 0.309190 0.789574 0.023364 0.007788
0 0.221184 0.747518 0.040498 0.020249
0 0.105919 0.636926 0.056075 0.045171
0 0.277259 0.646271 0.043614 0.020249
0 0.313863 0.689106 0.023364 0.015576
0 0.374611 0.737393 0.017134 0.018692
0 0.461838 0.717923 0.035826 0.029595
0 0.463396 0.597985 0.017134 0.029595
0 0.368380 0.612782 0.029595 0.018692
0 0.269470 0.572284 0.028037 0.018692
0 0.315421 0.521661 0.023364 0.023364
0 0.384735 0.523997 0.024922 0.015576
0 0.336449 0.473374 0.018692 0.023364
0 0.451713 0.516988 0.021807 0.029595
0 0.538941 0.587860 0.034268 0.028037
0 0.558411 0.513094 0.014019 0.024922
0 0.605919 0.486614 0.012461 0.024922
0 0.466511 0.461692 0.014019 0.024922
0 0.550623 0.440664 0.010903 0.029595
0 0.540498 0.394714 0.012461 0.021807
0 0.597352 0.398608 0.010903 0.029595
0 0.452492 0.385368 0.014019 0.024922
0 0.489097 0.362782 0.018692 0.029595
0 0.092679 0.990508 0.042056 0.017134
0 0.063863 0.106552 0.009346 0.012461
0 0.652648 0.029449 0.024922 0.010903
0 0.682243 0.298919 0.034268 0.017134
0 0.614486 0.249075 0.017134 0.017134
0 0.530374 0.312159 0.014019 0.015576
0 0.605919 0.312938 0.012461 0.017134
0 0.552960 0.345648 0.009346 0.014019
