0 0.145190 0.404208 0.020172 0.020332
0 0.654748 0.195128 0.031150 0.025258
0 0.293724 0.481642 0.017428 0.019455
0 0.068932 0.606526 0.011619 0.015357
0 0.144148 0.280191 0.028537 0.011579
0 0.336386 0.430201 0.024493 0.011453
0 0.389501 0.252510 0.037962 0.011490
0 0.503388 0.359629 0.050932 0.034589
0 0.155927 0.616422 0.010350 0.018062
0 0.329025 0.351695 0.031902 0.011938
0 0.069790 0.415154 0.027461 0.021892
0 0.238109 0.390211 0.022187 0.010573
0 0.231025 0.259002 0.015344 0.008805
0 0.290965 0.308485 0.021196 0.007762
0 0.750779 0.404352 0.028037 0.024922
0 0.214953 0.190177 0.028037 0.017134
0 0.155763 0.085037 0.034268 0.049844
0 0.297508 0.207311 0.024922 0.014019
0 0.209502 0.345940 0.042056 0.026480
0 0.218847 0.478339 0.023364 0.014019
0 0.274143 0.529741 0.021807 0.023364
0 0.954050 0.914476 0.026480 0.014019
0 0.719626 0.860738 0.018692 0.021807
0 0.052960 0.493915 0.018692 0.020249
0 0.156542 0.483012 0.017134 0.023364
0 0.143302 0.540644 0.021807 0.029595
0 0.110592 0.582701 0.015576 0.023364
0 0.119159 0.637218 0.014019 0.023364
0 0.058411 0.562451 0.026480 0.026480
0 0.014798 0.601392 0.010903 0.023364
0 0.005452 0.509492 0.010903 0.017134
0 0.080218 0.686283 0.014019 0.015576
0 0.058411 0.652015 0.014019 0.015576
0 0.007009 0.681610 0.014019 0.021807
0 0.510903 0.008713 0.024922 0.015576
0 0.543614 0.892669 0.021807 0.014019
