0 0.846250 0.897119 0.012500 0.008230
0 0.837500 0.890947 0.025000 0.012346
0 0.856250 0.890947 0.007500 0.004115
0 0.857500 0.884774 0.015000 0.008230
0 0.856250 0.868313 0.012500 0.008230
0 0.840000 0.868313 0.015000 0.008230
0 0.861250 0.853909 0.017500 0.012346
0 0.867500 0.827160 0.010000 0.008230
0 0.858750 0.812757 0.007500 0.037037
0 0.832500 0.806584 0.035000 0.016461
0 0.851250 0.781893 0.017500 0.008230
0 0.712500 0.679012 0.075000 0.032922
0 0.632500 0.691358 0.075000 0.032922
0 0.625000 0.722222 0.055000 0.028807
0 0.943750 0.405350 0.087500 0.037037
0 0.803750 0.419753 0.082500 0.032922
0 0.487500 0.738683 0.030000 0.061728
0 0.150000 0.890947 0.055000 0.119342
0 0.263750 0.578189 0.047500 0.061728
0 0.206250 0.530864 0.082500 0.041152
