0 0.213750 0.827160 0.012500 0.032922
0 0.962500 0.191358 0.010000 0.012346
0 0.695000 0.316872 0.015000 0.049383
0 0.753750 0.353909 0.022500 0.049383
0 0.770000 0.532922 0.020000 0.045267
0 0.592500 0.469136 0.020000 0.041152
0 0.601250 0.362140 0.022500 0.057613
0 0.551250 0.407407 0.022500 0.041152
0 0.541250 0.061728 0.017500 0.041152
0 0.446250 0.123457 0.017500 0.049383
0 0.440000 0.308642 0.025000 0.049383
0 0.445000 0.444444 0.025000 0.032922
0 0.408750 0.228395 0.017500 0.045267
0 0.343750 0.308642 0.027500 0.016461
0 0.405000 0.380658 0.025000 0.028807
0 0.296250 0.413580 0.027500 0.053498
0 0.361250 0.465021 0.037500 0.024691
0 0.318750 0.543210 0.022500 0.016461
0 0.278750 0.555556 0.017500 0.016461
0 0.421250 0.512346 0.027500 0.020576
0 0.388750 0.580247 0.022500 0.016461
0 0.555000 0.580247 0.030000 0.032922
0 0.603750 0.625514 0.017500 0.041152
0 0.512500 0.746914 0.020000 0.037037
0 0.426250 0.654321 0.022500 0.016461
0 0.446250 0.761317 0.017500 0.032922
0 0.580000 0.942387 0.015000 0.041152
0 0.338750 0.609053 0.022500 0.016461
0 0.343750 0.683128 0.022500 0.016461
0 0.363750 0.753086 0.022500 0.016461
0 0.313750 0.777778 0.012500 0.024691
0 0.287500 0.631687 0.020000 0.012346
0 0.248750 0.639918 0.022500 0.020576
0 0.203750 0.691358 0.022500 0.049383
0 0.263750 0.740741 0.022500 0.041152
0 0.270000 0.839506 0.015000 0.049383
0 0.317500 0.858025 0.015000 0.045267
0 0.291250 0.923868 0.012500 0.037037
0 0.265000 0.911523 0.005000 0.020576
0 0.256250 0.909465 0.007500 0.024691
0 0.248750 0.913580 0.007500 0.041152
0 0.221250 0.899177 0.007500 0.020576
0 0.206250 0.890947 0.007500 0.020576
0 0.196250 0.890947 0.007500 0.028807
0 0.161250 0.880658 0.012500 0.032922
0 0.152500 0.872428 0.010000 0.032922
0 0.201250 0.814815 0.012500 0.049383
0 0.183750 0.810700 0.017500 0.049383
0 0.162500 0.788066 0.025000 0.053498
0 0.091250 0.586420 0.022500 0.045267
0 0.071250 0.650206 0.027500 0.065844
0 0.050000 0.722222 0.020000 0.053498
