0 0.625000 0.790123 0.055000 0.041152
0 0.692500 0.796296 0.030000 0.020576
0 0.687500 0.777778 0.040000 0.024691
0 0.735000 0.777778 0.050000 0.032922
0 0.733750 0.806584 0.047500 0.024691
0 0.800000 0.779835 0.060000 0.028807
0 0.901250 0.783951 0.112500 0.053498
0 0.920000 0.962963 0.055000 0.032922
0 0.625000 0.711934 0.060000 0.041152
0 0.787500 0.485597 0.075000 0.032922
0 0.362500 0.650206 0.055000 0.148148
0 0.286250 0.855967 0.017500 0.049383
0 0.327500 0.858025 0.025000 0.053498
0 0.338750 0.893004 0.022500 0.016461
0 0.307500 0.866255 0.010000 0.020576
