0 0.225000 0.275720 0.010000 0.041152
0 0.212500 0.275720 0.010000 0.041152
0 0.200000 0.283951 0.010000 0.057613
0 0.196250 0.415638 0.012500 0.065844
0 0.297500 0.427984 0.010000 0.024691
0 0.372500 0.430041 0.005000 0.020576
0 0.390000 0.427984 0.005000 0.024691
0 0.332500 0.277778 0.010000 0.045267
0 0.380000 0.277778 0.010000 0.045267
0 0.423750 0.057613 0.007500 0.041152
0 0.402500 0.281893 0.010000 0.045267
0 0.450000 0.279835 0.010000 0.049383
0 0.415000 0.427984 0.005000 0.024691
0 0.423750 0.423868 0.007500 0.032922
0 0.440000 0.430041 0.005000 0.020576
0 0.446250 0.425926 0.007500 0.028807
0 0.438750 0.465021 0.007500 0.032922
0 0.432500 0.629630 0.010000 0.057613
0 0.426250 0.713992 0.012500 0.078189
0 0.537500 0.893004 0.030000 0.049383
0 0.543750 0.847737 0.007500 0.008230
0 0.541250 0.837449 0.037500 0.020576
0 0.507500 0.864198 0.010000 0.008230
0 0.507500 0.818930 0.010000 0.082305
0 0.537500 0.771605 0.030000 0.020576
0 0.523750 0.705761 0.007500 0.012346
0 0.503750 0.703704 0.012500 0.065844
0 0.538750 0.681070 0.037500 0.020576
0 0.487500 0.621399 0.010000 0.065844
0 0.463750 0.462963 0.007500 0.028807
0 0.463750 0.427984 0.007500 0.024691
0 0.473750 0.425926 0.007500 0.028807
0 0.470000 0.460905 0.005000 0.024691
0 0.496250 0.462963 0.007500 0.020576
0 0.513750 0.427984 0.007500 0.024691
0 0.496250 0.432099 0.007500 0.024691
0 0.512500 0.462963 0.005000 0.028807
0 0.521250 0.462963 0.007500 0.028807
0 0.536250 0.465021 0.007500 0.024691
0 0.475000 0.281893 0.010000 0.053498
0 0.476250 0.234568 0.007500 0.008230
0 0.486250 0.222222 0.007500 0.049383
0 0.521250 0.275720 0.007500 0.041152
0 0.506250 0.232510 0.007500 0.020576
0 0.521250 0.222222 0.007500 0.041152
0 0.532500 0.222222 0.010000 0.041152
0 0.626250 0.216049 0.012500 0.053498
0 0.567500 0.281893 0.010000 0.045267
0 0.577500 0.275720 0.010000 0.041152
0 0.602500 0.277778 0.010000 0.045267
0 0.627500 0.279835 0.010000 0.049383
0 0.545000 0.427984 0.005000 0.024691
0 0.570000 0.462963 0.005000 0.028807
0 0.583750 0.462963 0.007500 0.028807
0 0.595000 0.477366 0.010000 0.041152
0 0.595000 0.427984 0.005000 0.024691
0 0.608750 0.479424 0.012500 0.053498
0 0.632500 0.479424 0.010000 0.053498
0 0.585000 0.629630 0.010000 0.065844
0 0.617500 0.679012 0.050000 0.016461
0 0.573750 0.944444 0.032500 0.053498
0 0.640000 0.631687 0.010000 0.053498
0 0.656250 0.411523 0.012500 0.057613
0 0.650000 0.281893 0.010000 0.045267
0 0.661250 0.220165 0.012500 0.045267
0 0.661250 0.273663 0.007500 0.037037
0 0.673750 0.275720 0.007500 0.041152
0 0.685000 0.220165 0.010000 0.045267
0 0.697500 0.220165 0.010000 0.045267
0 0.706250 0.413580 0.012500 0.053498
0 0.662500 0.732510 0.015000 0.090535
0 0.638750 0.897119 0.012500 0.057613
0 0.742500 0.479424 0.010000 0.053498
0 0.755000 0.415638 0.010000 0.049383
0 0.720000 0.279835 0.010000 0.049383
0 0.733750 0.273663 0.007500 0.037037
0 0.755000 0.279835 0.010000 0.049383
0 0.778750 0.286008 0.012500 0.061728
0 0.780000 0.413580 0.010000 0.053498
0 0.780000 0.481481 0.010000 0.057613
0 0.751250 0.641975 0.007500 0.032922
0 0.761250 0.646091 0.007500 0.032922
0 0.760000 0.683128 0.045000 0.024691
0 0.773750 0.757202 0.022500 0.016461
0 0.776250 0.773663 0.017500 0.016461
0 0.775000 0.790123 0.025000 0.016461
0 0.775000 0.858025 0.020000 0.012346
0 0.795000 0.810700 0.010000 0.041152
0 0.796250 0.713992 0.012500 0.037037
0 0.777500 0.627572 0.015000 0.061728
0 0.793750 0.567901 0.007500 0.041152
0 0.801250 0.565844 0.007500 0.037037
0 0.797500 0.528807 0.015000 0.012346
0 0.798750 0.481481 0.017500 0.016461
0 0.798750 0.467078 0.017500 0.012346
0 0.801250 0.454733 0.017500 0.012346
0 0.797500 0.440329 0.015000 0.008230
0 0.803750 0.417695 0.012500 0.012346
0 0.800000 0.409465 0.020000 0.012346
0 0.801250 0.384774 0.017500 0.012346
0 0.798750 0.368313 0.017500 0.012346
0 0.798750 0.339506 0.017500 0.012346
0 0.801250 0.298354 0.017500 0.012346
0 0.798750 0.283951 0.017500 0.016461
0 0.797500 0.230453 0.010000 0.008230
0 0.800000 0.150206 0.015000 0.012346
0 0.800000 0.084362 0.015000 0.012346
0 0.800000 0.010288 0.015000 0.012346
0 0.782500 0.104938 0.005000 0.028807
0 0.771250 0.111111 0.007500 0.041152
0 0.770000 0.053498 0.010000 0.041152
0 0.758750 0.059671 0.007500 0.028807
0 0.748750 0.057613 0.007500 0.032922
0 0.738750 0.055556 0.007500 0.028807
0 0.748750 0.106996 0.007500 0.032922
0 0.737500 0.104938 0.005000 0.028807
0 0.728750 0.109053 0.007500 0.045267
0 0.730000 0.067901 0.005000 0.012346
0 0.647500 0.074074 0.005000 0.008230
0 0.727500 0.055556 0.005000 0.028807
0 0.716250 0.106996 0.007500 0.041152
0 0.718750 0.057613 0.007500 0.024691
0 0.698750 0.061728 0.007500 0.032922
0 0.697500 0.102881 0.010000 0.032922
0 0.687500 0.106996 0.010000 0.041152
0 0.686250 0.057613 0.007500 0.032922
0 0.677500 0.102881 0.005000 0.024691
0 0.666250 0.102881 0.007500 0.032922
0 0.666250 0.057613 0.007500 0.041152
0 0.655000 0.109053 0.010000 0.037037
0 0.645000 0.057613 0.005000 0.032922
0 0.646250 0.102881 0.007500 0.032922
0 0.633750 0.104938 0.007500 0.037037
0 0.633750 0.055556 0.007500 0.037037
0 0.625000 0.106996 0.010000 0.041152
0 0.613750 0.106996 0.007500 0.041152
0 0.625000 0.061728 0.010000 0.024691
0 0.603750 0.104938 0.007500 0.037037
0 0.592500 0.109053 0.010000 0.037037
0 0.603750 0.057613 0.007500 0.032922
0 0.593750 0.057613 0.007500 0.032922
0 0.573750 0.104938 0.007500 0.028807
0 0.562500 0.053498 0.010000 0.041152
0 0.562500 0.109053 0.010000 0.045267
0 0.551250 0.106996 0.007500 0.041152
0 0.541250 0.053498 0.007500 0.041152
0 0.530000 0.055556 0.010000 0.037037
0 0.540000 0.111111 0.010000 0.041152
0 0.528750 0.106996 0.007500 0.032922
0 0.517500 0.109053 0.010000 0.045267
0 0.510000 0.104938 0.010000 0.037037
0 0.497500 0.109053 0.010000 0.045267
0 0.486250 0.104938 0.007500 0.037037
0 0.496250 0.057613 0.007500 0.032922
0 0.475000 0.059671 0.005000 0.028807
0 0.476250 0.102881 0.007500 0.032922
0 0.463750 0.106996 0.007500 0.032922
0 0.452500 0.109053 0.010000 0.045267
0 0.443750 0.106996 0.007500 0.041152
0 0.423750 0.104938 0.007500 0.037037
0 0.412500 0.109053 0.010000 0.045267
0 0.401250 0.059671 0.007500 0.028807
0 0.391250 0.104938 0.007500 0.028807
0 0.371250 0.057613 0.007500 0.032922
0 0.351250 0.104938 0.007500 0.037037
0 0.340000 0.102881 0.005000 0.024691
0 0.342500 0.053498 0.010000 0.041152
0 0.308750 0.051440 0.007500 0.020576
0 0.298750 0.104938 0.007500 0.028807
0 0.290000 0.055556 0.010000 0.037037
0 0.290000 0.098765 0.005000 0.024691
0 0.280000 0.106996 0.010000 0.041152
0 0.280000 0.055556 0.010000 0.037037
0 0.258750 0.104938 0.007500 0.037037
0 0.268750 0.053498 0.012500 0.041152
0 0.242500 0.088477 0.005000 0.012346
0 0.247500 0.109053 0.010000 0.037037
0 0.167500 0.259259 0.005000 0.008230
0 0.176250 0.275720 0.007500 0.041152
0 0.165000 0.279835 0.010000 0.049383
0 0.152500 0.277778 0.010000 0.045267
0 0.153750 0.220165 0.012500 0.045267
0 0.228750 0.106996 0.007500 0.032922
0 0.205000 0.109053 0.010000 0.045267
0 0.185000 0.102881 0.010000 0.032922
0 0.173750 0.102881 0.007500 0.024691
0 0.162500 0.106996 0.010000 0.041152
0 0.151250 0.102881 0.007500 0.032922
0 0.163750 0.061728 0.007500 0.032922
0 0.138750 0.092593 0.012500 0.078189
0 0.087500 0.131687 0.020000 0.016461
0 0.091250 0.094650 0.022500 0.016461
0 0.346250 0.627572 0.007500 0.045267
0 0.413750 0.462963 0.007500 0.028807
0 0.388750 0.460905 0.007500 0.032922
0 0.363750 0.462963 0.007500 0.028807
0 0.336250 0.469136 0.012500 0.041152
0 0.273750 0.477366 0.012500 0.049383
0 0.251250 0.467078 0.012500 0.037037
0 0.221250 0.481481 0.012500 0.057613
0 0.390000 0.707819 0.015000 0.065844
0 0.375000 0.707819 0.015000 0.082305
0 0.225000 0.644033 0.035000 0.061728
0 0.153750 0.539095 0.032500 0.057613
0 0.101250 0.465021 0.022500 0.041152
