0 0.058750 0.772358 0.012500 0.005420
0 0.282500 0.735772 0.005000 0.002710
0 0.270000 0.738482 0.025000 0.008130
0 0.936250 0.533875 0.042500 0.048780
0 0.958750 0.626016 0.012500 0.016260
0 0.960000 0.728997 0.020000 0.043360
0 0.938750 0.808943 0.022500 0.024390
0 0.931250 0.823848 0.012500 0.016260
0 0.927500 0.833333 0.020000 0.018970
0 0.892500 0.772358 0.025000 0.021680
0 0.882500 0.758808 0.040000 0.037940
0 0.875000 0.743902 0.035000 0.035230
0 0.858750 0.735772 0.027500 0.029810
0 0.837500 0.715447 0.025000 0.027100
0 0.815000 0.688347 0.035000 0.032520
0 0.803750 0.674797 0.027500 0.027100
0 0.788750 0.653117 0.027500 0.027100
0 0.786250 0.707317 0.017500 0.016260
0 0.798750 0.723577 0.017500 0.021680
0 0.826250 0.757453 0.012500 0.013550
0 0.866250 0.803523 0.012500 0.013550
0 0.802500 0.830623 0.020000 0.018970
0 0.811250 0.838753 0.017500 0.018970
0 0.818750 0.846883 0.017500 0.018970
0 0.825000 0.856369 0.020000 0.016260
0 0.836250 0.873984 0.017500 0.018970
0 0.845000 0.906504 0.010000 0.008130
0 0.855000 0.899729 0.010000 0.010840
0 0.797500 0.859079 0.010000 0.010840
0 0.761250 0.783198 0.007500 0.010840
0 0.767500 0.789973 0.020000 0.018970
0 0.752500 0.773713 0.020000 0.018970
0 0.732500 0.746612 0.020000 0.018970
0 0.718750 0.730352 0.017500 0.018970
0 0.706250 0.710027 0.022500 0.021680
0 0.691250 0.693767 0.022500 0.021680
0 0.685000 0.681572 0.025000 0.024390
0 0.671250 0.672087 0.027500 0.032520
0 0.687500 0.655827 0.010000 0.010840
0 0.558750 0.627371 0.007500 0.008130
0 0.557500 0.624661 0.010000 0.008130
0 0.552500 0.615176 0.010000 0.010840
0 0.543750 0.643631 0.022500 0.018970
0 0.547500 0.661247 0.010000 0.010840
0 0.555000 0.669377 0.015000 0.010840
0 0.560000 0.680217 0.015000 0.010840
0 0.570000 0.704607 0.010000 0.010840
0 0.577500 0.715447 0.010000 0.010840
0 0.605000 0.723577 0.045000 0.081301
0 0.688750 0.830623 0.097500 0.181572
0 0.687500 0.897019 0.010000 0.010840
0 0.678750 0.886179 0.007500 0.005420
0 0.655000 0.890244 0.010000 0.008130
0 0.616250 0.871274 0.052500 0.035230
0 0.686250 0.941734 0.072500 0.105691
0 0.296250 0.883469 0.007500 0.005420
0 0.288750 0.875339 0.022500 0.010840
0 0.195000 0.963415 0.020000 0.008130
0 0.103750 0.872629 0.012500 0.005420
0 0.008750 0.939024 0.012500 0.008130
