0 0.865000 0.189300 0.015000 0.041152
0 0.826250 0.467078 0.002500 0.004115
0 0.828750 0.483539 0.012500 0.028807
0 0.912500 0.549383 0.015000 0.037037
0 0.856250 0.559671 0.002500 0.008230
0 0.856250 0.569959 0.007500 0.020576
0 0.795000 0.397119 0.010000 0.028807
0 0.735000 0.199588 0.010000 0.045267
0 0.625000 0.487654 0.005000 0.004115
0 0.631250 0.388889 0.007500 0.037037
0 0.743750 0.582305 0.012500 0.037037
0 0.703750 0.512346 0.012500 0.037037
0 0.656250 0.514403 0.012500 0.032922
0 0.595000 0.473251 0.010000 0.032922
0 0.585000 0.539095 0.005000 0.024691
0 0.627500 0.584362 0.010000 0.016461
0 0.682500 0.644033 0.015000 0.037037
0 0.622500 0.689300 0.015000 0.028807
0 0.538750 0.024691 0.007500 0.008230
0 0.593750 0.053498 0.007500 0.008230
0 0.587500 0.211934 0.005000 0.004115
0 0.596250 0.084362 0.012500 0.061728
0 0.541250 0.327160 0.012500 0.037037
0 0.580000 0.242798 0.020000 0.057613
0 0.516250 0.246914 0.012500 0.041152
0 0.540000 0.043210 0.010000 0.037037
0 0.300000 0.388889 0.005000 0.012346
0 0.280000 0.265432 0.005000 0.012346
0 0.273750 0.230453 0.017500 0.065844
0 0.283750 0.384774 0.027500 0.020576
0 0.158750 0.104938 0.012500 0.028807
0 0.210000 0.639918 0.015000 0.020576
0 0.146250 0.543210 0.022500 0.016461
0 0.097500 0.485597 0.010000 0.024691
0 0.193750 0.425926 0.022500 0.020576
0 0.200000 0.294239 0.020000 0.020576
0 0.120000 0.255144 0.015000 0.032922
0 0.010000 0.255144 0.010000 0.041152
0 0.731250 0.707819 0.017500 0.032922
0 0.785000 0.744856 0.005000 0.008230
0 0.793750 0.765432 0.012500 0.024691
0 0.771250 0.851852 0.007500 0.016461
0 0.653750 0.753086 0.007500 0.016461
0 0.693750 0.886831 0.012500 0.020576
0 0.552500 0.707819 0.010000 0.016461
0 0.482500 0.567901 0.010000 0.024691
0 0.357500 0.602881 0.010000 0.020576
0 0.347500 0.936214 0.025000 0.037037
