0 0.870000 0.818930 0.020000 0.016461
0 0.858750 0.695473 0.027500 0.016461
0 0.947500 0.695473 0.025000 0.016461
0 0.968750 0.576132 0.022500 0.016461
0 0.866250 0.557613 0.032500 0.020576
0 0.933750 0.493827 0.027500 0.016461
0 0.773750 0.473251 0.027500 0.016461
0 0.932500 0.368313 0.005000 0.012346
0 0.946250 0.360082 0.027500 0.020576
0 0.855000 0.382716 0.040000 0.024691
0 0.756250 0.366255 0.032500 0.024691
0 0.790000 0.236626 0.025000 0.020576
0 0.853750 0.209877 0.027500 0.024691
0 0.915000 0.259259 0.020000 0.016461
0 0.977500 0.238683 0.020000 0.016461
0 0.960000 0.076132 0.030000 0.020576
0 0.876250 0.074074 0.022500 0.016461
0 0.801250 0.067901 0.022500 0.012346
0 0.745000 0.121399 0.025000 0.020576
0 0.272500 0.310700 0.020000 0.012346
0 0.071250 0.658436 0.032500 0.024691
0 0.026250 0.895062 0.017500 0.012346
