0 0.563750 0.787263 0.007500 0.002710
0 0.583750 0.696477 0.007500 0.005420
0 0.556250 0.665312 0.007500 0.008130
0 0.536250 0.640921 0.007500 0.008130
0 0.533750 0.562331 0.007500 0.008130
0 0.520000 0.505420 0.010000 0.008130
0 0.510000 0.468835 0.010000 0.005420
0 0.583750 0.361789 0.012500 0.013550
0 0.547500 0.383469 0.010000 0.008130
0 0.536250 0.418699 0.007500 0.008130
0 0.493750 0.403794 0.007500 0.005420
0 0.503750 0.341463 0.007500 0.005420
0 0.472500 0.341463 0.010000 0.005420
0 0.438750 0.308943 0.007500 0.005420
0 0.478750 0.178862 0.017500 0.010840
0 0.817500 0.056911 0.030000 0.016260
