0 0.252500 0.619342 0.020000 0.078189
0 0.281250 0.627572 0.027500 0.102881
0 0.303750 0.646091 0.022500 0.082305
0 0.323750 0.654321 0.027500 0.090535
0 0.368750 0.683128 0.022500 0.074074
0 0.391250 0.672840 0.027500 0.102881
0 0.413750 0.701646 0.017500 0.069959
0 0.436250 0.693416 0.027500 0.102881
0 0.458750 0.720165 0.017500 0.074074
0 0.476250 0.718107 0.017500 0.061728
0 0.292500 0.462963 0.020000 0.061728
0 0.322500 0.467078 0.015000 0.045267
0 0.353750 0.481481 0.017500 0.049383
0 0.370000 0.487654 0.015000 0.045267
0 0.386250 0.493827 0.012500 0.049383
0 0.401250 0.500000 0.017500 0.053498
0 0.478750 0.526749 0.012500 0.049383
0 0.367500 0.413580 0.075000 0.045267
0 0.426250 0.423868 0.017500 0.082305
0 0.442500 0.436214 0.020000 0.074074
0 0.470000 0.438272 0.020000 0.086420
0 0.491250 0.446502 0.017500 0.069959
0 0.495000 0.534979 0.015000 0.057613
0 0.511250 0.526749 0.012500 0.049383
0 0.505000 0.722222 0.015000 0.069959
0 0.525000 0.722222 0.020000 0.086420
0 0.550000 0.722222 0.015000 0.069959
0 0.570000 0.703704 0.020000 0.106996
0 0.593750 0.716049 0.017500 0.074074
0 0.615000 0.722222 0.015000 0.061728
0 0.636250 0.691358 0.022500 0.106996
0 0.660000 0.705761 0.020000 0.069959
0 0.541250 0.530864 0.012500 0.049383
0 0.516250 0.440329 0.017500 0.090535
0 0.563750 0.442387 0.017500 0.069959
0 0.573750 0.528807 0.012500 0.045267
0 0.591250 0.534979 0.012500 0.057613
0 0.607500 0.530864 0.015000 0.049383
0 0.637500 0.516461 0.010000 0.037037
0 0.585000 0.438272 0.020000 0.086420
0 0.608750 0.434156 0.027500 0.094650
0 0.633750 0.417695 0.022500 0.094650
0 0.655000 0.423868 0.025000 0.074074
0 0.675000 0.417695 0.025000 0.078189
0 0.686250 0.697531 0.017500 0.061728
0 0.668750 0.508230 0.012500 0.045267
0 0.682500 0.506173 0.015000 0.049383
0 0.700000 0.502058 0.015000 0.049383
0 0.726250 0.670782 0.027500 0.098765
0 0.746250 0.672840 0.017500 0.061728
0 0.771250 0.658436 0.017500 0.057613
0 0.791250 0.652263 0.027500 0.078189
0 0.713750 0.491770 0.017500 0.045267
0 0.727500 0.487654 0.020000 0.053498
0 0.742500 0.473251 0.015000 0.041152
0 0.695000 0.413580 0.020000 0.061728
0 0.728750 0.390947 0.032500 0.074074
0 0.747500 0.376543 0.030000 0.078189
0 0.766250 0.362140 0.027500 0.065844
0 0.772500 0.452675 0.020000 0.049383
0 0.787500 0.444444 0.020000 0.049383
0 0.798750 0.427984 0.017500 0.032922
0 0.818750 0.633745 0.022500 0.065844
0 0.830000 0.617284 0.025000 0.057613
0 0.853750 0.588477 0.027500 0.074074
0 0.872500 0.584362 0.030000 0.074074
0 0.895000 0.557613 0.030000 0.069959
0 0.912500 0.545267 0.030000 0.061728
0 0.937500 0.522634 0.025000 0.049383
0 0.783750 0.355967 0.027500 0.069959
0 0.813750 0.417695 0.022500 0.045267
0 0.801250 0.333333 0.027500 0.065844
0 0.841250 0.395062 0.022500 0.041152
0 0.870000 0.368313 0.025000 0.045267
0 0.822500 0.331276 0.015000 0.020576
0 0.832500 0.300412 0.030000 0.049383
0 0.851250 0.288066 0.027500 0.049383
0 0.676250 0.176955 0.017500 0.049383
0 0.691250 0.172840 0.017500 0.049383
0 0.703750 0.162551 0.017500 0.045267
0 0.720000 0.152263 0.015000 0.049383
0 0.732500 0.146091 0.015000 0.045267
0 0.746250 0.135802 0.017500 0.049383
0 0.762500 0.133745 0.015000 0.045267
0 0.741250 0.090535 0.027500 0.024691
0 0.717500 0.106996 0.015000 0.016461
0 0.676250 0.121399 0.027500 0.020576
0 0.660000 0.189300 0.020000 0.057613
0 0.643750 0.207819 0.017500 0.078189
0 0.623750 0.205761 0.017500 0.082305
0 0.603750 0.207819 0.017500 0.078189
0 0.585000 0.209877 0.020000 0.082305
0 0.596250 0.115226 0.017500 0.057613
0 0.578750 0.111111 0.017500 0.065844
0 0.558750 0.111111 0.017500 0.074074
0 0.542500 0.211934 0.020000 0.094650
0 0.540000 0.111111 0.020000 0.082305
0 0.522500 0.218107 0.020000 0.090535
0 0.500000 0.224280 0.020000 0.086420
0 0.477500 0.224280 0.020000 0.094650
0 0.457500 0.218107 0.020000 0.082305
0 0.410000 0.226337 0.020000 0.098765
0 0.392500 0.224280 0.020000 0.086420
0 0.368750 0.226337 0.017500 0.098765
0 0.347500 0.232510 0.020000 0.094650
0 0.320000 0.226337 0.020000 0.090535
0 0.302500 0.236626 0.020000 0.111111
0 0.518750 0.113169 0.017500 0.078189
0 0.500000 0.113169 0.015000 0.069959
0 0.481250 0.111111 0.017500 0.090535
0 0.460000 0.111111 0.020000 0.082305
0 0.440000 0.115226 0.015000 0.074074
0 0.420000 0.117284 0.020000 0.086420
0 0.401250 0.113169 0.017500 0.078189
0 0.381250 0.115226 0.017500 0.082305
0 0.361250 0.119342 0.017500 0.074074
0 0.341250 0.115226 0.017500 0.082305
0 0.323750 0.125514 0.017500 0.069959
0 0.300000 0.123457 0.020000 0.074074
0 0.280000 0.232510 0.020000 0.086420
0 0.255000 0.228395 0.020000 0.086420
0 0.277500 0.111111 0.020000 0.090535
