0 0.260000 0.740079 0.035000 0.138889
0 0.945000 0.609127 0.085000 0.035714
0 0.968750 0.648810 0.032500 0.019841
0 0.923750 0.644841 0.032500 0.019841
0 0.923750 0.666667 0.032500 0.023810
0 0.925000 0.692460 0.030000 0.019841
0 0.967500 0.694444 0.035000 0.023810
0 0.968750 0.716270 0.032500 0.019841
0 0.925000 0.714286 0.025000 0.015873
0 0.921250 0.740079 0.032500 0.019841
0 0.967500 0.740079 0.035000 0.019841
0 0.965000 0.761905 0.030000 0.015873
0 0.922500 0.759921 0.035000 0.019841
0 0.920000 0.783730 0.035000 0.019841
0 0.965000 0.785714 0.030000 0.015873
0 0.922500 0.805556 0.030000 0.015873
0 0.965000 0.809524 0.030000 0.015873
0 0.961250 0.829365 0.027500 0.015873
0 0.923750 0.829365 0.027500 0.015873
0 0.921250 0.851190 0.037500 0.019841
0 0.966250 0.849206 0.037500 0.023810
0 0.963750 0.875000 0.032500 0.019841
0 0.917500 0.875000 0.035000 0.019841
0 0.922500 0.896825 0.030000 0.015873
0 0.950000 0.892857 0.005000 0.015873
0 0.966250 0.898810 0.032500 0.019841
0 0.965000 0.922619 0.035000 0.019841
0 0.921250 0.916667 0.022500 0.015873
0 0.933750 0.968254 0.007500 0.015873
0 0.917500 0.964286 0.030000 0.015873
0 0.963750 0.968254 0.032500 0.015873
0 0.961250 0.988095 0.032500 0.015873
0 0.847500 0.938492 0.030000 0.011905
0 0.848750 0.960317 0.027500 0.015873
0 0.847500 0.984127 0.030000 0.015873
0 0.846250 0.916667 0.032500 0.015873
0 0.847500 0.890873 0.035000 0.019841
0 0.848750 0.871032 0.027500 0.019841
0 0.847500 0.849206 0.030000 0.015873
0 0.851250 0.823413 0.032500 0.019841
0 0.848750 0.799603 0.037500 0.019841
0 0.850000 0.777778 0.030000 0.015873
0 0.850000 0.755952 0.030000 0.019841
0 0.850000 0.734127 0.030000 0.015873
0 0.851250 0.708333 0.032500 0.019841
0 0.851250 0.690476 0.032500 0.015873
0 0.851250 0.664683 0.037500 0.019841
0 0.852500 0.640873 0.035000 0.019841
0 0.850000 0.615079 0.035000 0.023810
0 0.806250 0.638889 0.027500 0.015873
0 0.808750 0.664683 0.032500 0.019841
0 0.810000 0.690476 0.025000 0.015873
0 0.807500 0.710317 0.030000 0.015873
0 0.810000 0.736111 0.030000 0.019841
0 0.810000 0.753968 0.030000 0.015873
0 0.806250 0.777778 0.032500 0.015873
0 0.806250 0.799603 0.027500 0.019841
0 0.806250 0.821429 0.032500 0.023810
0 0.807500 0.843254 0.030000 0.019841
0 0.806250 0.869048 0.027500 0.015873
0 0.807500 0.890873 0.030000 0.019841
0 0.807500 0.914683 0.030000 0.019841
0 0.807500 0.936508 0.025000 0.015873
0 0.802500 0.958333 0.035000 0.019841
0 0.801250 0.980159 0.037500 0.015873
0 0.731250 0.878968 0.027500 0.170635
0 0.707500 0.628968 0.015000 0.011905
0 0.735000 0.708333 0.030000 0.115079
0 0.702500 0.692460 0.025000 0.115079
0 0.702500 0.805556 0.020000 0.095238
0 0.696250 0.914683 0.027500 0.115079
0 0.625000 0.817460 0.040000 0.158730
0 0.583750 0.962302 0.017500 0.019841
0 0.575000 0.825397 0.050000 0.253968
0 0.506250 0.700397 0.027500 0.107143
0 0.507500 0.875000 0.035000 0.146825
0 0.467500 0.942460 0.025000 0.019841
0 0.471250 0.922619 0.022500 0.019841
0 0.468750 0.859127 0.022500 0.019841
0 0.466250 0.835317 0.037500 0.019841
0 0.463750 0.815476 0.032500 0.019841
0 0.466250 0.791667 0.032500 0.019841
0 0.467500 0.769841 0.030000 0.015873
0 0.461250 0.742063 0.042500 0.023810
0 0.465000 0.720238 0.030000 0.019841
0 0.466250 0.696429 0.037500 0.019841
0 0.466250 0.668651 0.027500 0.019841
0 0.472500 0.632937 0.055000 0.035714
0 0.406250 0.690476 0.017500 0.071429
0 0.403750 0.811508 0.012500 0.051587
0 0.373750 0.793651 0.027500 0.142857
0 0.353750 0.859127 0.012500 0.051587
0 0.342500 0.853175 0.015000 0.071429
0 0.322500 0.863095 0.015000 0.059524
0 0.298750 0.811508 0.032500 0.178571
0 0.293750 0.694444 0.012500 0.047619
0 0.208750 0.892857 0.127500 0.039683
0 0.230000 0.938492 0.135000 0.051587
0 0.668750 0.406746 0.052500 0.027778
0 0.668750 0.380952 0.052500 0.023810
0 0.593750 0.422619 0.022500 0.099206
0 0.361250 0.416667 0.027500 0.166667
0 0.337500 0.412698 0.025000 0.126984
