0 0.010000 0.331276 0.015000 0.037037
0 0.930000 0.930041 0.025000 0.041152
0 0.981250 0.654321 0.022500 0.024691
0 0.973750 0.565844 0.022500 0.037037
0 0.931250 0.483539 0.027500 0.028807
0 0.968750 0.360082 0.017500 0.028807
0 0.978750 0.115226 0.022500 0.041152
0 0.866250 0.927984 0.017500 0.028807
0 0.808750 0.960905 0.022500 0.037037
0 0.712500 0.880658 0.015000 0.024691
0 0.780000 0.878601 0.020000 0.028807
0 0.883750 0.829218 0.017500 0.028807
0 0.755000 0.804527 0.025000 0.028807
0 0.806250 0.769547 0.022500 0.032922
0 0.863750 0.724280 0.017500 0.041152
0 0.718750 0.693416 0.007500 0.012346
0 0.705000 0.670782 0.020000 0.032922
0 0.756250 0.602881 0.022500 0.020576
0 0.806250 0.518519 0.022500 0.041152
0 0.722500 0.514403 0.015000 0.032922
0 0.761250 0.417695 0.017500 0.028807
0 0.871250 0.277778 0.007500 0.012346
0 0.851250 0.253086 0.032500 0.045267
0 0.900000 0.172840 0.020000 0.041152
0 0.823750 0.113169 0.032500 0.037037
0 0.878750 0.090535 0.032500 0.049383
0 0.605000 0.158436 0.020000 0.028807
0 0.587500 0.061728 0.025000 0.032922
0 0.525000 0.098765 0.025000 0.032922
0 0.467500 0.133745 0.015000 0.028807
0 0.647500 0.257202 0.020000 0.037037
0 0.680000 0.360082 0.025000 0.045267
0 0.640000 0.450617 0.015000 0.028807
0 0.610000 0.382716 0.015000 0.032922
0 0.528750 0.316872 0.017500 0.032922
0 0.556250 0.395062 0.022500 0.041152
0 0.487500 0.395062 0.020000 0.024691
0 0.513750 0.502058 0.017500 0.032922
0 0.587500 0.510288 0.020000 0.032922
0 0.668750 0.520576 0.017500 0.028807
0 0.667500 0.915638 0.020000 0.037037
0 0.666250 0.748971 0.022500 0.024691
0 0.603750 0.777778 0.017500 0.049383
0 0.567500 0.837449 0.015000 0.037037
0 0.588750 0.884774 0.017500 0.024691
0 0.522500 0.893004 0.015000 0.032922
0 0.337500 0.971193 0.015000 0.024691
0 0.387500 0.956790 0.015000 0.028807
0 0.413750 0.905350 0.012500 0.024691
0 0.458750 0.907407 0.007500 0.028807
0 0.443750 0.837449 0.017500 0.037037
0 0.323750 0.921811 0.017500 0.024691
0 0.280000 0.934156 0.015000 0.032922
0 0.242500 0.944444 0.015000 0.028807
0 0.252500 0.866255 0.010000 0.028807
0 0.300000 0.851852 0.010000 0.032922
0 0.385000 0.816872 0.015000 0.028807
0 0.427500 0.788066 0.015000 0.028807
0 0.473750 0.748971 0.012500 0.032922
0 0.325000 0.771605 0.015000 0.028807
0 0.361250 0.742798 0.017500 0.020576
0 0.445000 0.705761 0.015000 0.028807
0 0.335000 0.681070 0.010000 0.028807
0 0.377500 0.660494 0.015000 0.028807
0 0.322500 0.619342 0.015000 0.028807
0 0.411250 0.598765 0.017500 0.037037
0 0.463750 0.532922 0.017500 0.028807
0 0.433750 0.432099 0.017500 0.024691
0 0.303750 0.399177 0.012500 0.032922
0 0.260000 0.413580 0.015000 0.020576
0 0.266250 0.323045 0.022500 0.028807
0 0.435000 0.244856 0.015000 0.028807
0 0.273750 0.193416 0.017500 0.032922
0 0.397500 0.088477 0.020000 0.037037
0 0.331250 0.086420 0.017500 0.032922
0 0.253750 0.109053 0.017500 0.037037
0 0.241250 0.022634 0.012500 0.028807
0 0.166250 0.053498 0.012500 0.024691
0 0.110000 0.065844 0.015000 0.032922
0 0.035000 0.030864 0.020000 0.037037
0 0.008750 0.129630 0.012500 0.020576
0 0.068750 0.300412 0.022500 0.032922
0 0.122500 0.271605 0.015000 0.041152
0 0.082500 0.183128 0.025000 0.028807
0 0.132500 0.172840 0.015000 0.032922
0 0.221250 0.211934 0.017500 0.028807
0 0.193750 0.331276 0.017500 0.037037
0 0.182500 0.465021 0.015000 0.032922
0 0.110000 0.557613 0.015000 0.028807
0 0.147500 0.541152 0.015000 0.037037
0 0.205000 0.528807 0.015000 0.028807
0 0.232500 0.646091 0.015000 0.032922
0 0.130000 0.639918 0.010000 0.028807
0 0.210000 0.728395 0.015000 0.032922
0 0.197500 0.804527 0.015000 0.028807
0 0.205000 0.872428 0.010000 0.032922
0 0.140000 0.888889 0.010000 0.024691
0 0.168750 0.946502 0.012500 0.024691
0 0.101250 0.915638 0.012500 0.020576
0 0.037500 0.888889 0.010000 0.024691
