0 0.787532 0.981540 0.005806 0.005935
0 0.792047 0.995603 0.031350 0.013417
0 0.523894 0.757090 0.006580 0.006257
0 0.720122 0.864848 0.005290 0.006838
0 0.920931 0.567022 0.017933 0.012772
0 0.516347 0.183402 0.007741 0.010063
0 0.512347 0.172307 0.007999 0.010063
0 0.317409 0.208689 0.007741 0.010063
0 0.300960 0.427333 0.006064 0.006128
0 0.212263 0.355763 0.013804 0.011740
0 0.117374 0.300933 0.013675 0.007096
0 0.088992 0.284548 0.008257 0.008902
0 0.046353 0.215784 0.005806 0.008902
0 0.041773 0.141086 0.006193 0.011740
0 0.034097 0.136893 0.005806 0.008257
0 0.031452 0.081256 0.005032 0.005354
0 0.032742 0.068000 0.005161 0.007096
0 0.040450 0.058776 0.005354 0.006967
0 0.116729 0.059356 0.011740 0.006967
0 0.285285 0.099544 0.009547 0.009418
0 0.318441 0.061033 0.014191 0.005677
0 0.411330 0.051873 0.017546 0.009289
0 0.602656 0.072483 0.023867 0.012579
0 0.841330 0.015363 0.020771 0.009289
0 0.703125 0.062581 0.005354 0.005032
0 0.593593 0.395273 0.004967 0.006064
0 0.004672 0.806179 0.005412 0.004920
0 0.001228 0.564381 0.005693 0.005271
0 0.208765 0.157776 0.006255 0.005622
0 0.490482 0.595901 0.006325 0.007309
0 0.150714 0.066483 0.006536 0.005622
