0 0.175621 0.800598 0.007668 0.007548
0 0.304534 0.674740 0.005990 0.006949
0 0.678696 0.043979 0.007907 0.005511
0 0.641435 0.092741 0.007907 0.007189
0 0.575930 0.121105 0.007608 0.006649
0 0.563560 0.163907 0.029832 0.013299
0 0.362162 0.201886 0.006829 0.006589
0 0.437821 0.402984 0.023722 0.018211
0 0.362462 0.380940 0.011022 0.011022
0 0.387621 0.403224 0.006230 0.007189
0 0.153396 0.249989 0.018930 0.014137
0 0.109007 0.251187 0.013778 0.007189
0 0.253855 0.077375 0.007069 0.007009
0 0.191974 0.086630 0.007668 0.007308
0 0.124462 0.144138 0.006589 0.005871
