0 0.297815 0.047607 0.007685 0.007205
0 0.585569 0.193385 0.007365 0.006244
0 0.663061 0.178335 0.008326 0.006244
0 0.739253 0.219303 0.005564 0.006765
0 0.774696 0.796192 0.006484 0.006484
0 0.359136 0.759967 0.005043 0.006564
0 0.242298 0.811122 0.005284 0.006244
0 0.246540 0.781502 0.008005 0.006564
0 0.001976 0.616991 0.029620 0.010247
0 0.049608 0.595056 0.006725 0.005444
0 0.076506 0.710174 0.005444 0.007365
0 0.229209 0.600180 0.008085 0.005284
0 0.259709 0.604863 0.006805 0.005043
0 0.457243 0.352413 0.007685 0.008486
0 0.493667 0.376029 0.006244 0.006725
0 0.531372 0.389318 0.007045 0.007685
0 0.548744 0.355375 0.007205 0.007045
0 0.571079 0.424221 0.009606 0.008005
0 0.171930 0.397723 0.014730 0.018733
0 0.184739 0.341205 0.008326 0.012969
0 0.591093 0.559352 0.017932 0.011528
0 0.487343 0.311345 0.009286 0.011848
0 0.257108 0.099522 0.007045 0.008646
0 0.168568 0.033238 0.009927 0.008326
0 0.164645 0.014425 0.007525 0.007205
0 0.084511 0.030516 0.009927 0.007365
0 0.063537 0.048368 0.007045 0.006244
0 0.999451 0.007141 0.006364 0.005821
