0 0.131328 0.947394 0.005990 0.015695
0 0.244127 0.930441 0.033187 0.011981
0 0.111739 0.891144 0.016893 0.007668
0 0.317630 0.707238 0.015815 0.007189
0 0.519327 0.716643 0.024321 0.010184
0 0.061719 0.583147 0.017851 0.008207
0 0.174459 0.597374 0.009585 0.007069
0 0.766192 0.835613 0.023722 0.009585
0 0.130339 0.229623 0.006829 0.005631
0 0.207556 0.213748 0.005751 0.005990
0 0.412068 0.083756 0.005511 0.006470
0 0.527504 0.104962 0.006829 0.006230
0 0.703742 0.045537 0.009465 0.006230
0 0.762268 0.038708 0.008147 0.006709
0 0.915833 0.000219 0.005451 0.004493
0 0.942130 0.002406 0.017672 0.007907
