0 0.986623 0.830431 0.007548 0.007308
0 0.993991 0.153903 0.005631 0.007428
0 0.902997 0.146115 0.014617 0.011022
0 0.836024 0.191702 0.009345 0.009465
0 0.869271 0.098372 0.007788 0.006589
0 0.774442 0.075848 0.010304 0.010184
0 0.830333 0.226806 0.006589 0.006350
0 0.804275 0.277186 0.006949 0.006709
0 0.769530 0.224170 0.008147 0.006589
0 0.645529 0.231658 0.025639 0.017732
0 0.371647 0.333136 0.027077 0.010304
0 0.338999 0.370576 0.005871 0.005871
0 0.352837 0.368599 0.005751 0.006230
0 0.266695 0.353144 0.007428 0.005990
0 0.249083 0.254632 0.006709 0.006649
0 0.168661 0.209434 0.005571 0.005990
