0 0.609806 0.376008 0.006574 0.007655
0 0.892282 0.790602 0.044310 0.017292
0 0.772231 0.672173 0.007385 0.007745
0 0.808300 0.807489 0.007295 0.005674
0 0.766827 0.807534 0.007925 0.007925
0 0.708108 0.839821 0.007925 0.007475
0 0.631871 0.844188 0.006394 0.008286
0 0.588192 0.835633 0.008196 0.006664
0 0.559102 0.853285 0.006755 0.007025
0 0.464854 0.837974 0.007925 0.007925
0 0.463728 0.853059 0.008196 0.007475
0 0.423336 0.876430 0.005944 0.006845
0 0.355160 0.890255 0.006124 0.006214
0 0.346514 0.897504 0.005404 0.007385
0 0.346514 0.917003 0.006845 0.007295
0 0.329763 0.904079 0.005584 0.008105
0 0.333860 0.888723 0.007835 0.007295
0 0.307022 0.861210 0.007295 0.006484
0 0.293513 0.895433 0.005854 0.008105
0 0.253301 0.892281 0.005584 0.007025
0 0.216016 0.899486 0.008105 0.007745
0 0.099657 0.868775 0.004863 0.006845
0 0.102900 0.891560 0.009546 0.008826
0 0.028825 0.918038 0.007655 0.007205
0 0.003743 0.952937 0.007295 0.006664
0 0.349261 0.313010 0.009186 0.005584
