0 0.553091 0.584508 0.005332 0.011524
0 0.715759 0.434438 0.005246 0.005504
0 0.647003 0.426440 0.015308 0.013244
0 0.859680 0.404081 0.011352 0.006708
0 0.953161 0.351621 0.004644 0.004988
0 0.348241 0.612285 0.005504 0.005676
0 0.065689 0.590183 0.006106 0.007396
0 0.207803 0.506291 0.004816 0.005418
0 0.181574 0.463033 0.011180 0.008170
0 0.491000 0.130379 0.007155 0.006467
0 0.954150 0.338162 0.012298 0.006966
0 0.893090 0.316146 0.009546 0.009030
0 0.680611 0.154321 0.014035 0.010870
0 0.779511 0.086794 0.019195 0.021809
0 0.550443 0.040045 0.018438 0.017888
0 0.244998 0.747004 0.004902 0.005246
