0 0.727487 0.090928 0.017292 0.015050
0 0.543203 0.147927 0.020174 0.011208
0 0.495010 0.115585 0.009606 0.011208
0 0.381173 0.052182 0.008646 0.008005
0 0.447618 0.194678 0.024336 0.022095
0 0.440413 0.248635 0.012488 0.019213
0 0.298878 0.238708 0.014410 0.033302
0 0.421200 0.292664 0.013769 0.021454
0 0.396864 0.258721 0.011208 0.008646
0 0.128363 0.323565 0.021134 0.010887
0 0.469393 0.820060 0.027218 0.010887
0 0.210098 0.873296 0.021615 0.012969
0 0.172633 0.777711 0.009767 0.017772
0 0.243401 0.795483 0.007845 0.005924
0 0.054712 0.778195 0.007761 0.006752
0 0.236121 0.619254 0.006597 0.008459
