0 0.726603 0.547682 0.016858 0.012385
0 0.709057 0.539081 0.014105 0.011697
0 0.562670 0.634722 0.016170 0.009977
0 0.639046 0.567980 0.010665 0.009977
0 0.503668 0.430882 0.005849 0.005849
0 0.202380 0.888878 0.009805 0.009117
0 0.342230 0.845228 0.006193 0.005763
0 0.351347 0.846561 0.004988 0.005677
0 0.393663 0.865913 0.006709 0.006881
0 0.569250 0.830822 0.004902 0.005677
0 0.598708 0.778228 0.005677 0.004902
0 0.036083 0.366375 0.011439 0.009977
0 0.058058 0.317093 0.004472 0.005677
0 0.068809 0.289226 0.006021 0.005677
0 0.087215 0.256026 0.010665 0.008257
0 0.120801 0.232073 0.015052 0.010407
0 0.143636 0.225020 0.007913 0.005935
0 0.167891 0.225364 0.007397 0.006623
0 0.208530 0.184596 0.006967 0.005935
0 0.290109 0.200723 0.005849 0.006365
0 0.360722 0.171738 0.007225 0.006881
0 0.355304 0.168040 0.013245 0.010149
0 0.395556 0.154450 0.011525 0.008773
0 0.091945 0.074548 0.017718 0.008945
0 0.169439 0.088396 0.014793 0.006709
0 0.179932 0.092696 0.005161 0.006021
0 0.531793 0.127874 0.007397 0.004816
0 0.697274 0.155826 0.012901 0.007741
0 0.749911 0.166061 0.010149 0.006537
0 0.575658 0.076957 0.008945 0.014965
0 0.593719 0.030447 0.010493 0.012084
0 0.616942 0.001828 0.015826 0.011869
0 0.985574 0.189327 0.006021 0.005333
0 0.012547 0.365577 0.004630 0.004703
0 0.010413 0.372450 0.005281 0.005281
