0 0.700058 0.058395 0.021240 0.007699
0 0.368715 0.054943 0.011151 0.017257
0 0.653733 0.373821 0.020304 0.013923
0 0.815692 0.009276 0.008702 0.008267
0 0.994425 0.938856 0.007153 0.006220
0 0.890779 0.863668 0.005132 0.007620
0 0.842416 0.873698 0.006376 0.006220
0 0.627504 0.665084 0.007309 0.008242
0 0.555737 0.571312 0.008086 0.008553
0 0.169610 0.666017 0.007464 0.008242
0 0.471762 0.705749 0.005909 0.007775
0 0.482181 0.828134 0.006842 0.008086
0 0.138153 0.921762 0.008005 0.005924
0 0.466375 0.866605 0.008326 0.008966
0 0.323718 0.367549 0.011208 0.008005
0 0.222690 0.455448 0.007685 0.008326
0 0.509444 0.397169 0.008005 0.007685
0 0.376874 0.130189 0.006725 0.009126
