0 0.971893 0.051090 0.008430 0.010885
0 0.411589 0.719087 0.015664 0.024160
0 0.959647 0.308425 0.021904 0.010487
0 0.972391 0.104688 0.007301 0.010952
0 0.140116 0.166516 0.013806 0.009160
0 0.937013 0.753867 0.016726 0.009558
0 0.267667 0.309554 0.008267 0.008702
0 0.225900 0.476299 0.010007 0.007396
0 0.317049 0.557007 0.006961 0.009572
0 0.779107 0.504145 0.008702 0.008267
0 0.148020 0.937813 0.010442 0.011312
0 0.578317 0.893000 0.008702 0.010442
0 0.597460 0.896045 0.019144 0.008702
0 0.736904 0.732019 0.009137 0.010442
0 0.861556 0.803373 0.009572 0.010442
0 0.970979 0.830565 0.008267 0.007831
0 0.482490 0.938575 0.008484 0.008049
