0 0.610111 0.000495 0.008326 0.008326
0 0.437515 0.069662 0.014089 0.010247
0 0.685522 0.122658 0.007685 0.008326
0 0.788232 0.157721 0.008806 0.007365
0 0.713541 0.193506 0.012168 0.012008
0 0.686323 0.177735 0.005764 0.006725
0 0.918079 0.038601 0.007525 0.007365
0 0.642453 0.398524 0.018573 0.026898
0 0.324239 0.141070 0.007525 0.009286
0 0.295099 0.392119 0.007525 0.005764
0 0.368669 0.400285 0.008326 0.006725
0 0.314072 0.464808 0.008005 0.007685
0 0.197073 0.682835 0.009046 0.006164
0 0.272244 0.674390 0.016331 0.007605
0 0.008646 0.506917 0.007085 0.006404
0 0.013269 0.539759 0.007125 0.006685
0 0.034684 0.554749 0.008166 0.005364
0 0.168214 0.458924 0.010727 0.010647
0 0.117419 0.546343 0.006324 0.007285
0 0.163210 0.697325 0.006965 0.007605
0 0.488349 0.597418 0.007205 0.006484
0 0.539424 0.589332 0.006725 0.006644
0 0.556896 0.655257 0.009967 0.005844
0 0.569084 0.656638 0.010567 0.005804
0 0.680599 0.670387 0.019373 0.014330
0 0.703294 0.659219 0.005844 0.005764
0 0.741080 0.666344 0.014330 0.011047
0 0.836784 0.766132 0.009927 0.013209
0 0.864643 0.841662 0.009927 0.016011
0 0.820133 0.865198 0.009286 0.009286
0 0.766337 0.836059 0.009927 0.007365
0 0.849753 0.949975 0.005123 0.007525
0 0.855677 0.983758 0.006084 0.008486
0 0.855397 0.105486 0.008806 0.008326
