0 0.293948 0.548481 0.004920 0.005137
0 0.992495 0.132377 0.004775 0.006728
0 0.983488 0.124528 0.005281 0.007958
0 0.974914 0.108937 0.004920 0.007452
0 0.954151 0.098193 0.006656 0.007524
0 0.959378 0.057372 0.004088 0.005896
0 0.907342 0.056304 0.006801 0.007524
0 0.888387 0.055509 0.013746 0.006511
0 0.334860 0.039050 0.007162 0.004703
0 0.556423 0.358823 0.007235 0.017725
0 0.844654 0.335889 0.014759 0.010201
0 0.594568 0.316410 0.006547 0.006330
0 0.520648 0.270922 0.009912 0.014252
0 0.846969 0.266255 0.004196 0.008392
0 0.546403 0.204073 0.011793 0.009477
0 0.885819 0.023061 0.008754 0.007596
0 0.854346 0.140025 0.009338 0.008760
0 0.650082 0.414927 0.003811 0.005295
