0 0.438160 0.791298 0.018678 0.019305
0 0.527634 0.810383 0.005578 0.006456
0 0.333392 0.723573 0.006331 0.004826
0 0.261139 0.648405 0.004795 0.007490
0 0.232981 0.498368 0.004137 0.004576
0 0.373663 0.472544 0.008462 0.008838
0 0.106902 0.163256 0.007333 0.011658
0 0.417727 0.024203 0.005954 0.006205
0 0.472649 0.410242 0.006174 0.006080
0 0.608380 0.441612 0.009559 0.007396
0 0.646849 0.342204 0.004764 0.004638
0 0.900777 0.471980 0.005986 0.004952
0 0.795523 0.425002 0.005202 0.004826
0 0.818746 0.125053 0.004513 0.004513
0 0.804486 0.170338 0.004826 0.005453
0 0.783458 0.255331 0.006393 0.006205
0 0.757885 0.286858 0.004638 0.006393
0 0.760987 0.292907 0.004325 0.006581
0 0.798454 0.340417 0.004419 0.004388
0 0.750191 0.350791 0.004105 0.005704
0 0.754845 0.320203 0.005766 0.005202
0 0.751303 0.340637 0.007333 0.004325
0 0.749642 0.336281 0.005641 0.005014
0 0.735164 0.342235 0.006393 0.005265
0 0.733910 0.347751 0.006017 0.006017
0 0.725762 0.359190 0.005892 0.004701
0 0.720277 0.368842 0.004576 0.004701
0 0.937554 0.223427 0.004199 0.004764
0 0.990705 0.327286 0.004826 0.006143
0 0.924924 0.439826 0.010405 0.009339
0 0.892644 0.423561 0.009276 0.010530
0 0.992084 0.450105 0.004576 0.004450
0 0.925425 0.396233 0.006143 0.006268
0 0.860365 0.370409 0.006143 0.005265
