0 0.559557 0.693529 0.014337 0.007832
0 0.684408 0.650186 0.013939 0.007434
0 0.740959 0.634322 0.009691 0.008894
0 0.356649 0.765877 0.013142 0.007567
0 0.212350 0.891857 0.010885 0.011018
0 0.193068 0.890065 0.019448 0.018983
0 0.113982 0.887078 0.020178 0.008629
0 0.076613 0.860727 0.011284 0.008761
0 0.153807 0.823889 0.012478 0.007301
0 0.066790 0.767935 0.013408 0.012213
0 0.086569 0.784794 0.007036 0.006372
0 0.029288 0.611025 0.010089 0.015399
0 0.246140 0.980758 0.008267 0.010877
0 0.717842 0.646868 0.010007 0.007831
0 0.723280 0.638819 0.009572 0.008267
0 0.818128 0.615325 0.007831 0.007396
0 0.042593 0.674713 0.006526 0.008702
0 0.858927 0.604875 0.007218 0.005122
