0 0.890446 0.002435 0.005092 0.006829
0 0.940556 0.038647 0.004912 0.006530
0 0.866215 0.111640 0.005990 0.008147
0 0.329234 0.283925 0.020847 0.014856
0 0.502117 0.151417 0.010543 0.008626
0 0.850400 0.514077 0.009824 0.013179
0 0.811822 0.619388 0.006949 0.007668
0 0.833747 0.632088 0.009585 0.009345
0 0.803914 0.641493 0.007428 0.009704
0 0.932738 0.658805 0.005451 0.007308
0 0.962241 0.671864 0.005511 0.005391
0 0.771806 0.725478 0.006230 0.010903
0 0.763539 0.766633 0.007189 0.014856
0 0.689138 0.834264 0.005272 0.005631
0 0.717592 0.810363 0.005391 0.007428
0 0.874362 0.867092 0.015575 0.008986
0 0.631134 0.893909 0.005763 0.005505
0 0.603698 0.971316 0.006451 0.007225
0 0.600128 0.980562 0.004988 0.006795
0 0.596774 0.990690 0.005161 0.006322
0 0.678163 0.745898 0.007267 0.006055
0 0.562033 0.769548 0.008747 0.005988
