0 0.401378 0.147334 0.010753 0.017125
0 0.410870 0.170299 0.010620 0.013408
0 0.187917 0.727251 0.019780 0.033718
0 0.267434 0.378053 0.008894 0.013939
0 0.325578 0.534896 0.018452 0.007168
0 0.423614 0.588527 0.018319 0.007434
0 0.505189 0.607212 0.020576 0.007500
0 0.412330 0.701298 0.008363 0.021505
0 0.430650 0.764022 0.008894 0.027214
0 0.425937 0.789444 0.010620 0.026815
0 0.426667 0.811016 0.008363 0.012611
0 0.525367 0.791634 0.013275 0.008363
0 0.648824 0.637844 0.024691 0.012744
0 0.873104 0.737672 0.017390 0.005841
0 0.147295 0.923919 0.015133 0.022036
0 0.503125 0.071473 0.011602 0.013923
0 0.648733 0.414753 0.013923 0.018564
0 0.076744 0.925468 0.008702 0.008122
0 0.164921 0.922495 0.007251 0.007106
0 0.635245 0.423020 0.009572 0.007541
0 0.346495 0.381107 0.008412 0.010152
0 0.339099 0.288434 0.009862 0.008122
0 0.312994 0.461017 0.007541 0.006381
0 0.949991 0.220579 0.011312 0.006091
0 0.420278 0.311947 0.009137 0.009572
0 0.331304 0.273986 0.005656 0.006744
0 0.248638 0.385693 0.007831 0.007831
0 0.166407 0.377862 0.007831 0.007831
0 0.078738 0.490983 0.010007 0.010442
0 0.072429 0.726798 0.006961 0.007831
0 0.233627 0.546021 0.007396 0.008267
0 0.269522 0.663059 0.007831 0.007396
0 0.303132 0.880274 0.008484 0.008484
0 0.012388 0.869397 0.006526 0.007614
0 0.211547 0.913122 0.006744 0.005874
0 0.460849 0.014459 0.008049 0.007614
0 0.197951 0.114854 0.006309 0.008267
0 0.180982 0.145419 0.006309 0.008919
0 0.425055 0.023043 0.008005 0.007685
0 0.225881 0.015357 0.007365 0.008326
0 0.443953 0.176576 0.004579 0.005355
