0 0.072089 0.671343 0.016285 0.005730
0 0.087118 0.673454 0.005730 0.004323
0 0.406137 0.964025 0.014275 0.011862
0 0.524155 0.882599 0.013068 0.005428
0 0.647752 0.841283 0.006735 0.007037
0 0.377990 0.676722 0.006233 0.009449
0 0.243386 0.658325 0.009651 0.006836
0 0.261279 0.603086 0.011259 0.006534
0 0.306114 0.600824 0.011259 0.005629
0 0.315915 0.565891 0.005127 0.005529
0 0.347732 0.563278 0.007238 0.009751
0 0.355120 0.591325 0.006333 0.010957
0 0.342102 0.543725 0.005026 0.008444
0 0.427499 0.710900 0.005730 0.005629
0 0.218857 0.285172 0.005227 0.007037
0 0.206392 0.272757 0.005428 0.006132
0 0.084755 0.156599 0.005026 0.007238
0 0.349459 0.529954 0.007422 0.005173
