0 0.786305 0.861741 0.010837 0.009805
0 0.759470 0.773819 0.011353 0.013030
0 0.768823 0.720408 0.005806 0.011482
0 0.778628 0.711506 0.006838 0.011740
0 0.786240 0.669899 0.005806 0.006967
0 0.786756 0.662933 0.011482 0.006967
0 0.872808 0.601909 0.010450 0.008257
0 0.868260 0.475928 0.006257 0.010450
0 0.872227 0.452867 0.005677 0.008063
0 0.871840 0.344013 0.004515 0.005677
0 0.889386 0.268024 0.008128 0.008773
0 0.880549 0.179070 0.007741 0.013288
0 0.967116 0.141656 0.009547 0.010966
0 0.975309 0.140043 0.004515 0.006451
0 0.919381 0.077859 0.009805 0.010579
0 0.449001 0.181844 0.019352 0.011611
0 0.863132 0.190810 0.005935 0.005290
