0 0.677797 0.570371 0.011208 0.014730
0 0.660185 0.585422 0.019533 0.021134
0 0.645135 0.689172 0.013129 0.008326
0 0.808125 0.691973 0.006725 0.007205
0 0.948379 0.772107 0.007365 0.007365
0 0.495354 0.599911 0.007205 0.006564
0 0.357421 0.826064 0.012168 0.012168
0 0.297701 0.852482 0.008005 0.010567
0 0.278488 0.824943 0.007365 0.008005
0 0.041848 0.579978 0.029780 0.015691
0 0.086839 0.693254 0.008005 0.007205
0 0.572286 0.976085 0.008646 0.008326
0 0.551708 0.514987 0.004579 0.006364
0 0.660554 0.714091 0.007450 0.004579
