0 0.207456 0.009375 0.005924 0.008966
0 0.793852 0.928875 0.005604 0.006564
0 0.910890 0.622509 0.018252 0.023376
0 0.192006 0.166922 0.005764 0.012328
0 0.131885 0.242973 0.017132 0.017132
0 0.175115 0.294448 0.008166 0.015050
0 0.029817 0.346323 0.005123 0.006564
0 0.078169 0.348444 0.004963 0.005844
0 0.139370 0.360292 0.008406 0.007285
0 0.151499 0.398118 0.010407 0.022415
0 0.161545 0.456277 0.007285 0.014490
0 0.169631 0.486137 0.006965 0.013689
0 0.406070 0.952011 0.025937 0.012328
0 0.169591 0.780255 0.005924 0.007125
0 0.159144 0.796746 0.007125 0.008886
0 0.155221 0.817000 0.009526 0.016411
0 0.160785 0.829488 0.005284 0.005524
0 0.172873 0.851863 0.006885 0.005764
0 0.158223 0.857027 0.004323 0.006484
0 0.138530 0.942965 0.005604 0.007205
0 0.135568 0.913265 0.005924 0.009126
0 0.423282 0.639960 0.007805 0.005652
0 0.238423 0.489785 0.005854 0.005786
