0 0.066030 0.542374 0.018713 0.013576
0 0.106485 0.508387 0.006605 0.007430
0 0.140839 0.481051 0.007981 0.008348
0 0.161066 0.466190 0.005137 0.006880
0 0.182623 0.451742 0.005321 0.006238
0 0.186659 0.438625 0.005871 0.004770
0 0.346641 0.407068 0.010274 0.006972
0 0.304444 0.406518 0.010641 0.006605
0 0.338477 0.403950 0.009357 0.006605
0 0.272154 0.403307 0.006238 0.005321
0 0.279401 0.402940 0.006421 0.006788
0 0.297656 0.397253 0.009173 0.005687
0 0.365538 0.384869 0.005137 0.005137
0 0.362603 0.380925 0.005504 0.005321
0 0.364712 0.358267 0.006421 0.007706
0 0.379573 0.340746 0.006054 0.004954
