0 0.480210 0.977574 0.020642 0.008945
0 0.479307 0.961232 0.006107 0.006709
0 0.214787 0.360204 0.007913 0.016342
0 0.226226 0.328037 0.007741 0.012213
0 0.313783 0.944116 0.004988 0.006537
0 0.656828 0.929452 0.006795 0.006107
0 0.605610 0.839530 0.019094 0.025287
0 0.796420 0.925753 0.041542 0.011267
0 0.903372 0.927775 0.017202 0.009117
0 0.922122 0.912293 0.006193 0.007397
0 0.980780 0.910487 0.016514 0.008601
0 0.789497 0.472703 0.016514 0.007225
0 0.991961 0.608081 0.016170 0.024082
0 0.494901 0.638092 0.005715 0.006367
