0 0.892467 0.961569 0.008944 0.013347
0 0.403336 0.871097 0.011902 0.009357
0 0.309321 0.912859 0.004678 0.006192
0 0.217336 0.868827 0.005229 0.006467
0 0.208048 0.861053 0.010870 0.014861
0 0.029376 0.756615 0.007430 0.013210
0 0.786447 0.870547 0.007430 0.007155
0 0.767595 0.855342 0.015686 0.007018
0 0.734434 0.849976 0.005779 0.005917
0 0.673478 0.840000 0.020640 0.006054
0 0.635775 0.833877 0.014586 0.008394
0 0.837874 0.782656 0.006674 0.013691
0 0.221258 0.634049 0.020915 0.011352
0 0.500378 0.726137 0.006467 0.007843
0 0.941228 0.633945 0.008634 0.014930
0 0.959787 0.595177 0.006605 0.005160
0 0.599449 0.509900 0.026281 0.022291
0 0.629996 0.252864 0.012797 0.018438
