0 0.050226 0.736460 0.009126 0.007205
0 0.894955 0.421768 0.013449 0.029620
0 0.905442 0.412401 0.012969 0.031061
0 0.836196 0.447465 0.006404 0.008326
0 0.864455 0.468199 0.009126 0.008486
0 0.996304 0.066968 0.007205 0.008486
0 0.881947 0.373175 0.007205 0.009927
0 0.890873 0.316897 0.005844 0.007685
0 0.103702 0.856601 0.007205 0.008646
0 0.080286 0.703137 0.005524 0.007685
0 0.126037 0.710582 0.007685 0.007685
0 0.157738 0.689208 0.006244 0.006725
0 0.359715 0.642136 0.010087 0.007685
0 0.270374 0.646939 0.006244 0.005284
0 0.848309 0.213899 0.006392 0.005988
0 0.118845 0.864246 0.004713 0.007565
