0 0.190426 0.521277 0.011525 0.011525
0 0.197909 0.536930 0.006193 0.006709
0 0.225819 0.553745 0.006967 0.007311
0 0.335436 0.661471 0.020814 0.021330
0 0.642229 0.826521 0.006537 0.014621
0 0.465137 0.844153 0.013245 0.045068
0 0.457225 0.821791 0.005677 0.006881
0 0.694307 0.850174 0.006967 0.006193
0 0.761007 0.812631 0.005677 0.005763
0 0.955548 0.582321 0.007225 0.007612
0 0.969868 0.571420 0.015998 0.015998
0 0.980383 0.555487 0.006838 0.005290
0 0.974125 0.519621 0.006967 0.006838
0 0.771382 0.527620 0.006580 0.009676
0 0.770285 0.512655 0.005419 0.005548
0 0.804667 0.457760 0.003999 0.005032
0 0.809505 0.445181 0.004386 0.005032
0 0.797507 0.610124 0.007096 0.007096
0 0.805312 0.624960 0.007999 0.005548
0 0.941679 0.664761 0.008773 0.007741
0 0.621920 0.045370 0.005161 0.005290
0 0.302833 0.914872 0.006294 0.005643
0 0.309236 0.904671 0.006511 0.004775
0 0.868008 0.985483 0.007596 0.005498
0 0.861171 0.953433 0.005498 0.005498
0 0.701646 0.062443 0.005498 0.005137
