0 0.206704 0.091310 0.012478 0.010885
0 0.138869 0.136445 0.010354 0.011151
0 0.703122 0.159410 0.010885 0.005310
0 0.488134 0.823491 0.022966 0.007301
0 0.036827 0.211169 0.009862 0.011022
0 0.013187 0.230458 0.010732 0.013052
0 0.283156 0.041196 0.009717 0.006961
0 0.096506 0.176000 0.009137 0.007396
0 0.791877 0.249964 0.005439 0.005656
0 0.884441 0.389081 0.006961 0.010007
0 0.056478 0.550715 0.008702 0.011312
0 0.134140 0.819270 0.007831 0.007396
0 0.119130 0.819487 0.006526 0.007831
0 0.126091 0.824491 0.008267 0.007396
0 0.323184 0.824056 0.009137 0.008267
0 0.626110 0.810677 0.009572 0.006961
0 0.495697 0.841320 0.007045 0.006725
0 0.736169 0.933391 0.004424 0.008925
