0 0.251811 0.785416 0.018821 0.024567
0 0.581383 0.766198 0.018623 0.025756
0 0.958802 0.226520 0.028133 0.022982
0 0.914522 0.229195 0.042596 0.030312
0 0.892134 0.259804 0.026350 0.020604
0 0.830618 0.316962 0.021793 0.009312
0 0.806745 0.300220 0.035067 0.017038
0 0.717294 0.272880 0.022586 0.012680
0 0.707784 0.293980 0.030907 0.016444
0 0.669547 0.288729 0.037247 0.017435
0 0.360480 0.036721 0.034473 0.061021
0 0.908337 0.283916 0.009137 0.011095
0 0.950540 0.262705 0.008702 0.012617
0 0.821538 0.344066 0.008702 0.011747
0 0.846556 0.348199 0.010007 0.008702
0 0.798696 0.375283 0.007396 0.009354
0 0.764107 0.385073 0.005656 0.008919
0 0.742244 0.059631 0.016316 0.012835
0 0.549394 0.240081 0.015663 0.011747
0 0.534492 0.236057 0.014140 0.011530
0 0.634888 0.202120 0.010007 0.008919
0 0.611067 0.208538 0.005874 0.008267
0 0.598341 0.205492 0.007831 0.007396
0 0.566036 0.318396 0.007179 0.007831
0 0.565601 0.281632 0.007179 0.007831
0 0.579197 0.301102 0.006961 0.008049
0 0.508387 0.230836 0.006744 0.009354
0 0.439209 0.185805 0.010224 0.012835
0 0.430943 0.165029 0.014140 0.011312
0 0.432139 0.151759 0.007396 0.010007
0 0.394722 0.134030 0.007396 0.009354
0 0.426048 0.137837 0.006526 0.008267
0 0.675568 0.396058 0.007831 0.008267
0 0.638260 0.405195 0.008484 0.007831
0 0.604106 0.520275 0.013705 0.012182
0 0.791626 0.284786 0.008484 0.009354
0 0.224542 0.807524 0.009126 0.007845
0 0.187397 0.818571 0.006244 0.005604
0 0.295230 0.736036 0.010567 0.010567
0 0.392415 0.799598 0.008966 0.008326
0 0.042739 0.848671 0.006725 0.006885
0 0.020484 0.823214 0.004803 0.006244
0 0.042419 0.939853 0.007685 0.008646
0 0.537793 0.490350 0.006725 0.006564
0 0.222541 0.132429 0.018893 0.012168
0 0.475187 0.150097 0.004239 0.004508
0 0.307922 0.044665 0.004643 0.006526
