0 0.729650 0.286894 0.012649 0.018252
0 0.736054 0.286014 0.006564 0.007205
0 0.725407 0.308509 0.005764 0.007685
0 0.701711 0.362185 0.005604 0.006484
0 0.704313 0.376075 0.005364 0.007685
0 0.578588 0.352058 0.012488 0.010727
0 0.481242 0.415781 0.005604 0.006084
0 0.447380 0.443960 0.007045 0.006084
0 0.400668 0.550852 0.006644 0.006364
0 0.783726 0.866685 0.007125 0.006644
0 0.952240 0.937373 0.007125 0.007845
0 0.927183 0.963911 0.006805 0.006164
0 0.423724 0.982483 0.014490 0.011288
0 0.409974 0.938273 0.007325 0.006925
