0 0.787180 0.135375 0.031501 0.018227
0 0.841861 0.092284 0.013274 0.031501
0 0.836116 0.129828 0.013274 0.031303
0 0.825715 0.125469 0.011887 0.024171
0 0.820167 0.205510 0.014265 0.031303
0 0.814224 0.324382 0.028529 0.030510
0 0.900604 0.347562 0.019812 0.011095
0 0.345225 0.988182 0.026152 0.034473
0 0.143935 0.690408 0.029322 0.043586
0 0.206937 0.806704 0.017435 0.017038
0 0.124915 0.576291 0.015850 0.022189
0 0.099457 0.198179 0.007925 0.017633
0 0.082023 0.475250 0.007132 0.014661
0 0.421395 0.990093 0.009286 0.009606
0 0.331734 0.868731 0.005764 0.007365
0 0.333655 0.905636 0.006404 0.009446
0 0.331414 0.923008 0.005444 0.008326
0 0.316844 0.899632 0.005764 0.006725
0 0.341741 0.870252 0.007845 0.011688
0 0.302755 0.945743 0.006404 0.008005
0 0.410267 0.812133 0.006244 0.008166
0 0.126316 0.615760 0.006404 0.008005
0 0.076453 0.466688 0.005085 0.007565
