0 0.453634 0.092699 0.017435 0.037247
0 0.873945 0.671903 0.021199 0.011689
0 0.833429 0.690625 0.031699 0.017435
0 0.441549 0.600084 0.018227 0.020604
0 0.572110 0.714201 0.033680 0.021397
0 0.600342 0.752438 0.029916 0.019019
0 0.986071 0.019587 0.008005 0.007685
0 0.437382 0.574521 0.007045 0.007685
0 0.439463 0.586209 0.006725 0.006084
0 0.416087 0.537216 0.008646 0.007365
0 0.171362 0.295212 0.009286 0.006404
0 0.035271 0.240456 0.008646 0.008966
0 0.068413 0.256947 0.011528 0.008646
0 0.117566 0.281924 0.009286 0.008005
0 0.184491 0.827411 0.006725 0.009606
