0 0.579847 0.819118 0.034583 0.033142
0 0.673991 0.804708 0.018252 0.032182
0 0.720822 0.713446 0.011047 0.010087
0 0.808001 0.603752 0.006244 0.007325
0 0.854953 0.536687 0.006725 0.007445
0 0.955821 0.271969 0.006244 0.005884
0 0.957622 0.278333 0.004083 0.005163
0 0.970170 0.278453 0.009006 0.005404
0 0.991545 0.286679 0.006364 0.008166
0 0.826734 0.127211 0.005284 0.006965
0 0.884012 0.125170 0.010807 0.007685
0 0.490567 0.548095 0.005764 0.006965
0 0.487745 0.844635 0.008286 0.008526
0 0.505037 0.915663 0.007325 0.006965
0 0.363642 0.992815 0.008406 0.007925
0 0.447218 0.291182 0.006725 0.007445
0 0.505637 0.288540 0.006845 0.008166
0 0.582909 0.317419 0.005764 0.006604
0 0.981947 0.399374 0.005705 0.006139
0 0.200025 0.285164 0.005488 0.006046
0 0.201793 0.277211 0.004930 0.006511
0 0.321227 0.186519 0.006604 0.005395
0 0.766968 0.659774 0.004239 0.004643
