0 0.291689 0.423981 0.010091 0.009276
0 0.198674 0.626622 0.005328 0.005140
0 0.190431 0.587730 0.005014 0.004826
0 0.239885 0.568017 0.006268 0.006519
0 0.449765 0.472275 0.005954 0.007584
0 0.466406 0.423981 0.005516 0.006393
0 0.275032 0.486049 0.004293 0.004607
0 0.272008 0.478998 0.004074 0.005422
0 0.267009 0.479013 0.004105 0.005892
0 0.260569 0.694879 0.009778 0.008900
0 0.455766 0.764766 0.005014 0.006331
0 0.439376 0.893634 0.017738 0.009590
0 0.485382 0.899933 0.006581 0.004889
0 0.186012 0.993011 0.004795 0.006362
0 0.201948 0.886316 0.007208 0.014416
0 0.192891 0.937556 0.007083 0.007584
0 0.082232 0.890327 0.009903 0.012786
0 0.261305 0.926054 0.016798 0.013789
0 0.283619 0.902863 0.006017 0.007020
0 0.383717 0.893148 0.006393 0.006017
0 0.362657 0.897535 0.014541 0.006519
0 0.572026 0.897898 0.020747 0.009527
0 0.587257 0.908240 0.015983 0.007647
0 0.820391 0.859664 0.017801 0.013539
0 0.852358 0.908805 0.018804 0.007772
0 0.810927 0.890753 0.005390 0.005014
0 0.822115 0.915731 0.006769 0.004199
0 0.849098 0.919053 0.005829 0.004764
0 0.968188 0.884861 0.009214 0.012661
0 0.990157 0.878625 0.019305 0.019869
0 0.678612 0.813815 0.006832 0.004262
0 0.482372 0.328947 0.005829 0.006205
0 0.456940 0.323447 0.006769 0.004419
0 0.455389 0.329135 0.006017 0.006205
0 0.525209 0.344754 0.006840 0.005994
0 0.547550 0.340582 0.005923 0.004090
0 0.562805 0.324023 0.007286 0.006088
0 0.545929 0.200119 0.006064 0.011282
0 0.614797 0.312470 0.009073 0.007709
0 0.696099 0.320321 0.005876 0.004278
0 0.616337 0.024974 0.012528 0.004489
0 0.731004 0.344084 0.004137 0.006957
0 0.734435 0.337456 0.003667 0.004607
0 0.828829 0.365614 0.017769 0.004607
0 0.862159 0.368106 0.017299 0.006017
0 0.878471 0.375157 0.010624 0.004889
0 0.532913 0.660972 0.004043 0.004372
0 0.481226 0.582749 0.004372 0.004466
