0 0.769371 0.518090 0.006935 0.007025
0 0.881902 0.392635 0.031161 0.027919
0 0.671790 0.485938 0.006484 0.007385
0 0.724295 0.375433 0.007025 0.007565
0 0.912432 0.255878 0.006484 0.007115
0 0.994477 0.113222 0.007745 0.008736
0 0.588304 0.469727 0.007745 0.006664
0 0.039474 0.872794 0.007565 0.007925
0 0.291914 0.998473 0.004323 0.005494
0 0.356336 0.434039 0.005116 0.007255
0 0.350941 0.434597 0.006232 0.004837
0 0.267318 0.274223 0.005023 0.006767
0 0.002567 0.135360 0.006418 0.007255
0 0.207217 0.095246 0.006628 0.004744
