0 0.117367 0.331922 0.019912 0.013408
0 0.282840 0.244440 0.016328 0.018983
0 0.287353 0.213709 0.007036 0.013275
0 0.292000 0.197978 0.005974 0.012080
0 0.274410 0.465933 0.013540 0.028674
0 0.104026 0.530582 0.014735 0.006903
0 0.229475 0.732893 0.010222 0.015930
0 0.249453 0.782143 0.025488 0.023098
0 0.202124 0.851141 0.010152 0.016533
0 0.195742 0.912923 0.007251 0.017113
0 0.188201 0.921335 0.008412 0.015373
0 0.219092 0.999577 0.010442 0.011022
0 0.254152 0.025825 0.005656 0.010877
0 0.285152 0.227649 0.005874 0.009789
0 0.279278 0.230804 0.006309 0.011312
0 0.007025 0.745507 0.008267 0.008702
0 0.463190 0.825806 0.007464 0.006376
0 0.169766 0.559573 0.006286 0.004346
0 0.209462 0.978890 0.004191 0.006674
