0 0.120199 0.639966 0.004403 0.006880
0 0.072406 0.529474 0.010641 0.007889
0 0.146342 0.443933 0.009907 0.009173
0 0.383609 0.413340 0.006146 0.006421
0 0.314213 0.412789 0.004587 0.006788
0 0.556572 0.450859 0.005321 0.006972
0 0.872086 0.330230 0.007797 0.006605
0 0.949234 0.321332 0.006880 0.006788
0 0.623261 0.293858 0.005504 0.005596
0 0.611336 0.237213 0.011925 0.020365
0 0.755678 0.196025 0.006146 0.006421
0 0.713435 0.172908 0.009540 0.007339
0 0.748201 0.034346 0.011191 0.011283
0 0.464609 0.167940 0.011165 0.005660
