0 0.053865 0.567786 0.019438 0.012385
0 0.195607 0.552906 0.007741 0.017718
0 0.317180 0.505774 0.010751 0.014105
0 0.252502 0.380760 0.007999 0.010235
0 0.224979 0.346572 0.005075 0.005677
0 0.217755 0.342830 0.006795 0.018148
0 0.220249 0.307782 0.005247 0.006193
0 0.006087 0.947256 0.008343 0.006537
0 0.329910 0.980412 0.027093 0.006021
0 0.397512 0.960759 0.019180 0.008343
0 0.432991 0.973574 0.008773 0.005935
0 0.460385 0.958566 0.007139 0.007397
0 0.459138 0.950137 0.004988 0.006365
0 0.500959 0.942955 0.015439 0.006967
0 0.562176 0.810287 0.005935 0.007569
0 0.660828 0.929753 0.005247 0.005333
0 0.681427 0.930656 0.006365 0.007311
0 0.721808 0.931774 0.010751 0.007999
0 0.817793 0.846110 0.015912 0.010579
0 0.891546 0.920206 0.006881 0.005849
0 0.953687 0.910788 0.006795 0.005591
0 0.957127 0.903692 0.010579 0.006709
0 0.780466 0.922055 0.008515 0.005247
