0 0.370278 0.987449 0.006030 0.006110
0 0.071117 0.264486 0.007069 0.008387
0 0.212611 0.180920 0.005511 0.006709
0 0.532199 0.348771 0.026837 0.011981
0 0.091424 0.397892 0.014617 0.016294
0 0.112271 0.394418 0.005990 0.006470
0 0.208956 0.439586 0.022524 0.015815
0 0.150250 0.474031 0.005032 0.007548
0 0.133357 0.616243 0.013658 0.010903
0 0.600490 0.490744 0.006709 0.007428
0 0.698613 0.381479 0.005032 0.007668
0 0.759775 0.336670 0.005631 0.006709
0 0.706880 0.112988 0.006470 0.010064
0 0.870957 0.192781 0.006350 0.006829
0 0.952128 0.221774 0.006470 0.005152
0 0.845229 0.057038 0.005811 0.007428
0 0.990646 0.360932 0.014257 0.012220
0 0.350857 0.600869 0.005786 0.005450
0 0.393253 0.440153 0.005904 0.006887
0 0.234315 0.027082 0.008082 0.004849
