0 0.734501 0.997448 0.006330 0.007086
0 0.192291 0.935425 0.022291 0.008944
0 0.256206 0.908043 0.013622 0.007293
0 0.520052 0.737626 0.005779 0.006467
0 0.487717 0.670478 0.008531 0.009219
0 0.909802 0.433532 0.016925 0.018025
0 0.420431 0.215162 0.021465 0.018576
0 0.923495 0.192951 0.004413 0.006149
0 0.919010 0.184849 0.004703 0.006149
0 0.932781 0.128475 0.006467 0.010320
0 0.897625 0.084787 0.007430 0.006054
0 0.889437 0.077357 0.007568 0.008531
0 0.763809 0.025688 0.012246 0.010870
0 0.731336 0.021010 0.013622 0.007293
