0 0.343197 0.029847 0.020908 0.022302
0 0.508703 0.197476 0.026683 0.026749
0 0.692296 0.388868 0.019381 0.027346
0 0.718713 0.434136 0.008496 0.012213
0 0.833807 0.602993 0.017788 0.023895
0 0.999346 0.893583 0.010089 0.016992
0 0.976181 0.945289 0.010222 0.011018
0 0.868521 0.228241 0.010487 0.004779
0 0.291564 0.017267 0.014213 0.011312
0 0.850356 0.332412 0.008992 0.009862
0 0.836578 0.566575 0.007525 0.008646
0 0.556386 0.425057 0.004812 0.007916
0 0.875860 0.178107 0.005665 0.004346
0 0.814938 0.250768 0.004889 0.005083
