0 0.817648 0.323459 0.008446 0.007805
0 0.809542 0.102890 0.005604 0.006564
0 0.862378 0.041329 0.008806 0.011528
0 0.857575 0.006585 0.006885 0.015050
0 0.640228 0.521332 0.025137 0.017612
0 0.584751 0.558157 0.010887 0.008966
0 0.266616 0.359944 0.009927 0.020494
0 0.270139 0.383960 0.005444 0.012168
0 0.278464 0.402052 0.006725 0.012488
0 0.289512 0.451846 0.011528 0.020494
0 0.041504 0.755010 0.017612 0.018412
0 0.036301 0.774303 0.015851 0.013129
0 0.021411 0.789753 0.014250 0.013929
0 0.320172 0.960829 0.006084 0.005924
0 0.328418 0.953544 0.005284 0.005444
0 0.338745 0.746925 0.005604 0.005604
0 0.305683 0.539104 0.007045 0.005764
