0 0.415505 0.439121 0.040988 0.014089
0 0.357065 0.496120 0.012488 0.017292
0 0.011953 0.280374 0.007845 0.013289
0 0.050939 0.004909 0.009606 0.020174
0 0.414324 0.908938 0.017172 0.016691
0 0.429094 0.909418 0.007565 0.006604
0 0.686127 0.778110 0.027859 0.014890
0 0.630169 0.865649 0.008166 0.005524
0 0.644099 0.872493 0.017772 0.011047
0 0.685647 0.872734 0.009606 0.008646
0 0.801045 0.824371 0.005764 0.006664
0 0.807679 0.829655 0.006544 0.004863
0 0.870031 0.836409 0.016331 0.007685
0 0.860004 0.853881 0.011168 0.006124
0 0.949765 0.824701 0.006965 0.006124
0 0.941659 0.865649 0.007325 0.007085
0 0.977203 0.875255 0.008766 0.006364
0 0.280162 0.456580 0.007193 0.005085
0 0.754032 0.932135 0.005719 0.008545
0 0.660307 0.896105 0.006257 0.006055
0 0.545321 0.778360 0.005046 0.005652
0 0.418812 0.611010 0.003801 0.007166
