0 0.797562 0.988986 0.005779 0.010458
0 0.946994 0.983069 0.006330 0.010182
0 0.103271 0.635872 0.006811 0.005435
0 0.620300 0.832707 0.007224 0.004954
0 0.854941 0.824073 0.005229 0.006880
0 0.840905 0.806873 0.008944 0.013210
0 0.669938 0.805119 0.013622 0.007706
0 0.835883 0.790155 0.011008 0.010595
0 0.502687 0.763289 0.005366 0.007430
0 0.490716 0.748290 0.006192 0.006880
0 0.400003 0.673557 0.007362 0.007740
0 0.411940 0.666367 0.008050 0.007809
0 0.253770 0.615954 0.015136 0.005779
0 0.274134 0.613959 0.006123 0.003990
0 0.188066 0.617055 0.013622 0.005779
