0 0.089479 0.781014 0.013939 0.010222
0 0.145832 0.763425 0.019116 0.019381
0 0.734643 0.595098 0.012611 0.008496
0 0.824382 0.604258 0.016063 0.010089
0 0.844228 0.601205 0.024426 0.010354
0 0.875159 0.609900 0.020709 0.007301
0 0.501709 0.641141 0.011312 0.011022
0 0.791184 0.614094 0.009572 0.007831
0 0.747096 0.643244 0.007831 0.009862
0 0.311723 0.679429 0.015083 0.008412
0 0.062421 0.797699 0.012182 0.006236
0 0.337973 0.676673 0.014213 0.008992
0 0.214881 0.539169 0.007831 0.007831
0 0.233589 0.678395 0.009572 0.007831
0 0.301462 0.740721 0.006961 0.006961
0 0.593838 0.654357 0.008702 0.007396
0 0.702609 0.592140 0.007831 0.007396
0 0.674546 0.586484 0.007396 0.007396
0 0.697605 0.519046 0.009137 0.010877
0 0.981714 0.830892 0.007396 0.009354
0 0.928246 0.691468 0.004889 0.006209
