0 0.065541 0.902703 0.006279 0.006795
0 0.103815 0.893887 0.006795 0.008429
0 0.115297 0.896081 0.008773 0.006451
0 0.119468 0.884856 0.020040 0.006193
0 0.174686 0.887050 0.005935 0.006451
0 0.228570 0.874922 0.006193 0.005763
0 0.287959 0.866365 0.020728 0.010149
0 0.350531 0.858753 0.006537 0.007655
0 0.305892 0.491625 0.015826 0.027867
0 0.299699 0.466511 0.011009 0.022362
0 0.855315 0.766509 0.025115 0.012385
0 0.978565 0.747501 0.014965 0.008773
0 0.926444 0.754295 0.006365 0.006193
0 0.990434 0.735374 0.004988 0.006537
0 0.750083 0.947299 0.005247 0.004472
0 0.935862 0.346873 0.011267 0.022018
0 0.962052 0.079300 0.004816 0.006021
0 0.767586 0.320640 0.006193 0.006537
0 0.874839 0.301202 0.013245 0.011353
0 0.105546 0.573341 0.009550 0.013891
0 0.710964 0.062800 0.005652 0.005921
