0 0.928476 0.227513 0.021855 0.019453
0 0.943246 0.208660 0.007205 0.007205
0 0.953813 0.208180 0.020654 0.019213
0 0.952613 0.217786 0.008166 0.011047
0 0.992480 0.191609 0.008166 0.008646
0 0.875521 0.270862 0.019693 0.013449
0 0.864113 0.270862 0.007925 0.007685
0 0.847422 0.270982 0.006725 0.006965
0 0.911185 0.231716 0.007445 0.007205
0 0.481775 0.671092 0.017532 0.012248
0 0.484177 0.531318 0.007925 0.006965
0 0.497866 0.524953 0.020414 0.021134
0 0.596212 0.406433 0.011047 0.009366
0 0.686273 0.402110 0.008646 0.006965
0 0.560548 0.456507 0.007925 0.006725
0 0.529808 0.433452 0.006484 0.007205
0 0.812598 0.671272 0.008166 0.006124
0 0.564391 0.247566 0.026178 0.015851
0 0.572196 0.239281 0.010567 0.006965
0 0.546499 0.219828 0.018252 0.010807
0 0.523804 0.207219 0.017532 0.015370
0 0.508553 0.199174 0.015370 0.010807
0 0.454637 0.177679 0.018492 0.016331
0 0.602817 0.216105 0.008886 0.008646
0 0.536172 0.197372 0.006725 0.008166
0 0.520561 0.220908 0.007685 0.008166
0 0.587687 0.315772 0.008886 0.007685
0 0.261187 0.069726 0.015370 0.026658
0 0.269472 0.042828 0.009366 0.010807
0 0.364216 0.063482 0.024497 0.028579
0 0.383549 0.101068 0.008406 0.009606
0 0.439026 0.156305 0.005524 0.007685
0 0.561509 0.074169 0.038186 0.016331
0 0.205769 0.473318 0.023056 0.010687
0 0.292768 0.486828 0.006604 0.008166
0 0.129037 0.458368 0.008406 0.008166
0 0.034534 0.435133 0.007925 0.006845
0 0.209492 0.307187 0.023536 0.016571
0 0.419874 0.793875 0.016331 0.020654
0 0.427319 0.556475 0.007445 0.007685
0 0.221260 0.806123 0.008646 0.009126
0 0.032062 0.292636 0.005854 0.005517
0 0.365852 0.986777 0.005248 0.006997
0 0.438854 0.858603 0.005248 0.006728
0 0.443833 0.854027 0.004306 0.005517
