0 0.290426 0.400541 0.029940 0.024817
0 0.332615 0.447133 0.010887 0.011688
0 0.555965 0.528708 0.008005 0.016971
0 0.000631 0.484918 0.005764 0.018573
0 0.352388 0.361355 0.007845 0.007845
0 0.355670 0.350548 0.007365 0.008005
0 0.286664 0.588788 0.010247 0.014089
0 0.020965 0.606480 0.007845 0.020013
0 0.060191 0.573178 0.007205 0.008166
0 0.003913 0.793967 0.008646 0.023216
0 0.019604 0.897476 0.007045 0.023696
0 0.000871 0.924775 0.007685 0.018733
0 0.292908 0.955916 0.020814 0.014730
0 0.382088 0.862893 0.010887 0.014410
0 0.508253 0.872980 0.008966 0.024977
0 0.481035 0.699263 0.013289 0.012488
0 0.537153 0.696541 0.009606 0.014410
0 0.580222 0.651551 0.008005 0.005444
0 0.745613 0.757222 0.013449 0.015370
0 0.755059 0.774593 0.005764 0.007205
0 0.794926 0.826709 0.007685 0.008005
0 0.837995 0.841759 0.032342 0.016331
0 0.765226 0.796848 0.017772 0.024497
0 0.681170 0.832873 0.007205 0.014890
0 0.907402 0.786441 0.021294 0.015851
0 0.843439 0.787722 0.009286 0.018092
0 0.803092 0.831832 0.006404 0.006404
0 0.978570 0.729443 0.021134 0.017772
0 0.831991 0.545079 0.009767 0.009286
0 0.717194 0.722959 0.008486 0.008326
0 0.025648 0.659916 0.005644 0.006364
0 0.797060 0.567270 0.005333 0.005023
