0 0.576519 0.048208 0.007569 0.011353
0 0.535192 0.137055 0.007139 0.010837
0 0.252482 0.555465 0.006365 0.009332
0 0.476018 0.326403 0.012643 0.011697
0 0.534461 0.242458 0.006365 0.010837
0 0.518979 0.248995 0.005677 0.006709
0 0.795755 0.443976 0.015138 0.009461
0 0.828352 0.436580 0.009461 0.007053
0 0.854671 0.448793 0.005677 0.005333
0 0.890364 0.415336 0.005849 0.006537
0 0.837383 0.413529 0.010321 0.008085
0 0.853983 0.381190 0.010837 0.008773
0 0.838415 0.389533 0.007225 0.007225
0 0.815537 0.399166 0.010321 0.006881
0 0.782940 0.413701 0.004300 0.006709
0 0.758341 0.427721 0.011181 0.009289
0 0.523581 0.424194 0.008343 0.007397
0 0.546330 0.408670 0.006365 0.006795
0 0.436755 0.425227 0.006709 0.005677
0 0.626791 0.382093 0.005419 0.006795
0 0.692502 0.367601 0.005591 0.006193
0 0.722863 0.528630 0.005677 0.006580
0 0.658055 0.531297 0.005161 0.005376
0 0.636510 0.583439 0.018578 0.013675
0 0.550931 0.481562 0.006021 0.006709
0 0.536783 0.510805 0.005591 0.006021
0 0.514378 0.546800 0.011181 0.015052
0 0.986135 0.241211 0.007913 0.006795
0 0.512314 0.617155 0.006021 0.005935
0 0.421661 0.651171 0.007053 0.007741
0 0.394525 0.723719 0.007311 0.006795
0 0.406136 0.733567 0.018836 0.017030
0 0.381366 0.749049 0.005247 0.006881
0 0.128543 0.985271 0.006365 0.007311
0 0.366873 0.795752 0.006193 0.006709
0 0.344812 0.828478 0.006967 0.007311
0 0.312602 0.808266 0.013933 0.008515
0 0.289379 0.808954 0.021846 0.017288
0 0.292863 0.818071 0.008343 0.006967
0 0.272780 0.819017 0.015826 0.011955
0 0.215584 0.848819 0.006537 0.006881
0 0.203199 0.876428 0.005333 0.006709
0 0.295314 0.886061 0.006451 0.006451
0 0.760921 0.013179 0.004441 0.006796
