0 0.936562 0.101280 0.007434 0.016992
0 0.083778 0.369634 0.018850 0.009558
0 0.945589 0.324499 0.024160 0.009823
0 0.946651 0.339898 0.020443 0.008230
0 0.838528 0.320105 0.007605 0.005364
0 0.846573 0.400999 0.007525 0.008646
0 0.595164 0.325949 0.007285 0.006484
0 0.408518 0.272673 0.007365 0.007525
0 0.075253 0.010576 0.007525 0.007525
0 0.098469 0.084706 0.005924 0.007845
0 0.057641 0.091351 0.006885 0.008005
0 0.004485 0.019983 0.006725 0.006004
0 0.003125 0.027828 0.005924 0.006164
0 0.048595 0.312940 0.011848 0.009286
0 0.064206 0.305655 0.006244 0.008166
0 0.865692 0.125969 0.004306 0.006426
0 0.774322 0.119931 0.006055 0.006459
0 0.347682 0.072665 0.005921 0.006257
0 0.073639 0.293184 0.004710 0.006728
0 0.209483 0.766569 0.004710 0.007132
