0 0.490675 0.957097 0.007155 0.006880
0 0.392085 0.944644 0.019952 0.007018
0 0.048775 0.942305 0.017200 0.007568
0 0.369072 0.935666 0.023736 0.007499
0 0.095834 0.912033 0.019126 0.008669
0 0.260506 0.911036 0.013141 0.008600
0 0.218641 0.906048 0.016925 0.007430
0 0.219123 0.897964 0.020502 0.008050
0 0.502921 0.861534 0.007430 0.006054
0 0.278600 0.775053 0.008050 0.005779
0 0.819399 0.985786 0.024080 0.007568
0 0.827724 0.972783 0.006880 0.006605
0 0.968763 0.314337 0.005022 0.006330
0 0.677053 0.210518 0.011283 0.023805
0 0.736702 0.022076 0.015962 0.007018
0 0.396764 0.561775 0.017200 0.016237
0 0.420155 0.545538 0.005917 0.006605
0 0.409354 0.497241 0.017888 0.034125
0 0.315199 0.615824 0.009478 0.008393
