0 0.912933 0.026753 0.007125 0.006484
0 0.951139 0.110309 0.008766 0.011888
0 0.900925 0.117454 0.006725 0.006244
0 0.664846 0.103685 0.023216 0.014730
0 0.537640 0.158042 0.006404 0.007525
0 0.969772 0.935926 0.031061 0.019533
0 0.897883 0.913991 0.008806 0.008005
0 0.810064 0.773016 0.007045 0.011047
0 0.825274 0.524369 0.012168 0.017772
0 0.966690 0.974312 0.008246 0.007125
0 0.008484 0.241618 0.031541 0.017452
0 0.117918 0.918995 0.009927 0.011047
0 0.027518 0.225674 0.005988 0.006055
0 0.088711 0.228164 0.006190 0.004710
