0 0.959955 0.426286 0.006398 0.005229
0 0.819432 0.413695 0.020089 0.009357
0 0.842032 0.406299 0.005022 0.004885
0 0.926174 0.362749 0.010526 0.007912
0 0.913446 0.336605 0.006536 0.006536
0 0.934086 0.331480 0.006398 0.005091
0 0.845232 0.271211 0.005779 0.007843
0 0.828169 0.259378 0.005779 0.006192
0 0.514099 0.006402 0.009357 0.008531
0 0.189709 0.971075 0.007430 0.016168
0 0.553797 0.623465 0.008531 0.012659
0 0.510866 0.595120 0.007981 0.015411
0 0.525795 0.534507 0.007843 0.014723
0 0.362534 0.470111 0.005091 0.005366
0 0.146709 0.451845 0.006467 0.006123
0 0.213239 0.443486 0.009907 0.006467
0 0.668761 0.443486 0.013485 0.012797
0 0.286029 0.431446 0.006054 0.007155
0 0.567144 0.407813 0.005229 0.005710
0 0.409524 0.284146 0.005779 0.010182
0 0.600374 0.242832 0.006467 0.006811
0 0.684000 0.155181 0.013141 0.009838
0 0.557512 0.047200 0.020502 0.019126
0 0.553150 0.860211 0.004922 0.009157
