0 0.036534 0.224956 0.007569 0.005548
0 0.133703 0.125487 0.012256 0.012256
0 0.146776 0.118671 0.005290 0.005075
0 0.163225 0.096179 0.006795 0.006537
0 0.211540 0.068098 0.005720 0.006623
0 0.238375 0.053089 0.006408 0.005505
0 0.182964 0.247899 0.038102 0.013933
0 0.140863 0.365730 0.011009 0.018922
0 0.380676 0.365300 0.022491 0.012729
0 0.407618 0.067926 0.005935 0.006623
0 0.839339 0.136690 0.008601 0.007053
0 0.930594 0.828758 0.007225 0.007139
0 0.830480 0.901564 0.009633 0.005849
0 0.720174 0.628229 0.005419 0.005677
0 0.687447 0.662632 0.004902 0.005075
0 0.408178 0.771906 0.007397 0.005505
0 0.501669 0.921260 0.005247 0.008171
