0 0.698030 0.027297 0.008274 0.006957
0 0.689662 0.051491 0.006080 0.007051
0 0.578924 0.005579 0.005798 0.005798
0 0.573408 0.009512 0.003917 0.004199
0 0.680981 0.124528 0.004764 0.008148
0 0.687500 0.146199 0.004325 0.005798
0 0.804255 0.160114 0.011533 0.006832
0 0.520304 0.115627 0.003917 0.003980
0 0.028032 0.895407 0.004842 0.004795
0 0.007771 0.934401 0.004560 0.004748
0 0.018196 0.565656 0.006064 0.004231
0 0.136400 0.596223 0.009778 0.005970
0 0.171868 0.614980 0.004748 0.006346
0 0.304787 0.594484 0.007615 0.005594
0 0.317174 0.594695 0.010013 0.005829
0 0.473126 0.629623 0.011752 0.004419
0 0.501073 0.628213 0.005688 0.004325
0 0.514953 0.630035 0.005900 0.004395
0 0.591425 0.664010 0.005735 0.004090
0 0.753324 0.575845 0.004513 0.005594
0 0.763337 0.564915 0.005923 0.005641
0 0.509441 0.440506 0.003855 0.004090
0 0.515176 0.259638 0.006205 0.011658
0 0.069271 0.226614 0.008509 0.007333
0 0.120276 0.187573 0.004231 0.004889
0 0.120346 0.080063 0.007474 0.006017
0 0.116233 0.086973 0.006299 0.006111
0 0.112566 0.102957 0.004419 0.004701
0 0.161009 0.172013 0.004090 0.004278
0 0.201555 0.165631 0.004325 0.004301
0 0.197042 0.146675 0.007662 0.004795
0 0.376558 0.071883 0.004442 0.003855
0 0.724249 0.258674 0.006064 0.006017
0 0.836754 0.243020 0.005430 0.005453
0 0.914965 0.264221 0.005594 0.007098
0 0.949364 0.276714 0.005759 0.004254
0 0.974302 0.292262 0.005853 0.004466
0 0.770929 0.546887 0.005782 0.007380
0 0.720441 0.386128 0.016876 0.010413
0 0.756486 0.399114 0.010695 0.008979
0 0.770671 0.404309 0.010765 0.009261
0 0.831183 0.510913 0.004207 0.004348
0 0.899393 0.515603 0.005853 0.004090
0 0.969449 0.459403 0.006064 0.004654
0 0.993635 0.528213 0.003761 0.004019
0 0.984503 0.738156 0.004419 0.006158
0 0.658636 0.694555 0.007427 0.009026
0 0.492858 0.980699 0.010765 0.007239
0 0.121157 0.957430 0.005500 0.006017
0 0.099133 0.990665 0.005735 0.004231
0 0.106514 0.976844 0.004701 0.004983
0 0.082010 0.813441 0.008767 0.008885
0 0.082939 0.854174 0.005077 0.006205
0 0.141465 0.721796 0.006017 0.004325
0 0.108377 0.115620 0.006581 0.008274
