0 0.002696 0.432749 0.007205 0.006725
0 0.124218 0.341728 0.012488 0.010087
0 0.218121 0.326718 0.006725 0.008406
0 0.302778 0.285770 0.007925 0.007205
0 0.327935 0.125222 0.007565 0.008886
0 0.465248 0.054734 0.008166 0.008406
0 0.494668 0.044767 0.007925 0.008166
0 0.511119 0.048250 0.007205 0.007445
0 0.593374 0.076589 0.024737 0.013209
0 0.559872 0.152840 0.008646 0.021134
0 0.588091 0.049090 0.008406 0.009126
0 0.582327 0.054854 0.008886 0.008646
0 0.583167 0.005381 0.008166 0.008646
0 0.646090 0.098684 0.006725 0.006484
0 0.706851 0.008563 0.006484 0.007565
0 0.769293 0.124456 0.008286 0.008286
0 0.347051 0.047677 0.004589 0.006573
