0 0.341348 0.858345 0.007397 0.006881
0 0.381901 0.993894 0.007311 0.004644
0 0.408177 0.981982 0.029931 0.029673
0 0.425013 0.950073 0.004343 0.004558
0 0.472899 0.918701 0.006537 0.004859
0 0.602169 0.829102 0.009461 0.006623
0 0.659365 0.778055 0.011869 0.011697
0 0.659881 0.770487 0.007913 0.004644
0 0.667536 0.764380 0.008773 0.006881
0 0.684523 0.757370 0.010063 0.007655
0 0.698284 0.740599 0.004902 0.005161
0 0.762317 0.637173 0.014363 0.014621
0 0.794184 0.602512 0.009117 0.010837
0 0.837790 0.537877 0.010321 0.012299
0 0.932141 0.449890 0.011009 0.009031
0 0.978242 0.404305 0.017202 0.015396
0 0.099320 0.777410 0.007225 0.007311
0 0.694822 0.387254 0.009676 0.007698
0 0.939882 0.066894 0.010063 0.008257
0 0.986671 0.875116 0.006881 0.005677
0 0.745073 0.966199 0.011869 0.006709
0 0.470198 0.941532 0.004558 0.007524
0 0.305536 0.844514 0.007596 0.006439
0 0.991748 0.388186 0.005281 0.005788
