0 0.555616 0.990378 0.022886 0.012568
0 0.089092 0.844394 0.016140 0.030956
0 0.298409 0.623237 0.006615 0.005821
0 0.026353 0.564037 0.006218 0.006482
0 0.309589 0.512741 0.004031 0.004713
0 0.181861 0.444975 0.009393 0.006218
0 0.210237 0.419178 0.008467 0.006218
0 0.291960 0.408066 0.024937 0.009260
0 0.329233 0.394572 0.012303 0.007011
0 0.362901 0.386899 0.006218 0.008731
0 0.376792 0.340729 0.007805 0.005689
0 0.104338 0.255005 0.010186 0.007011
0 0.046130 0.229671 0.016536 0.018521
0 0.220159 0.177416 0.015610 0.007673
0 0.302047 0.012119 0.014552 0.008599
0 0.167012 0.893830 0.010073 0.010760
