0 0.914982 0.002194 0.008945 0.007053
0 0.950246 0.009677 0.021330 0.009977
0 0.369860 0.973575 0.020986 0.007053
0 0.145721 0.921970 0.008257 0.005677
0 0.192338 0.680199 0.015138 0.007913
0 0.638379 0.988282 0.006881 0.007053
0 0.816502 0.949148 0.006709 0.007225
0 0.804719 0.928076 0.007741 0.006193
0 0.852970 0.908079 0.021674 0.012815
0 0.830264 0.903779 0.009461 0.007999
0 0.903285 0.976542 0.005333 0.005763
0 0.909822 0.876643 0.007397 0.006365
0 0.926292 0.875955 0.005935 0.007225
0 0.952417 0.849077 0.006666 0.007139
0 0.964136 0.838283 0.005075 0.006623
0 0.989036 0.835939 0.005333 0.005462
