0 0.021731 0.534006 0.005677 0.006451
0 0.396739 0.684596 0.005354 0.005225
0 0.261050 0.488271 0.009160 0.006451
0 0.301367 0.318684 0.005677 0.005806
0 0.132424 0.307137 0.008644 0.008515
0 0.120878 0.294945 0.007483 0.016385
0 0.545846 0.642829 0.009289 0.008773
0 0.468825 0.496528 0.024254 0.007225
0 0.473405 0.488658 0.007096 0.005161
0 0.431412 0.488142 0.006451 0.006967
0 0.575809 0.465049 0.015675 0.009547
0 0.691082 0.342003 0.007547 0.005483
0 0.728141 0.356097 0.007225 0.006064
0 0.741429 0.385190 0.006967 0.007225
0 0.758878 0.309943 0.017352 0.012321
0 0.822708 0.216635 0.006967 0.007096
0 0.877990 0.148548 0.005419 0.004967
0 0.928337 0.143903 0.028705 0.022642
0 0.963815 0.092427 0.005354 0.005741
0 0.953398 0.077494 0.006967 0.006967
0 0.061789 0.867448 0.007235 0.007452
0 0.082842 0.662345 0.004920 0.004992
