0 0.019840 0.528684 0.006193 0.012643
0 0.040417 0.657116 0.009160 0.013804
0 0.045546 0.917819 0.005419 0.007096
0 0.057673 0.877954 0.019094 0.009160
0 0.007616 0.796934 0.004773 0.005806
0 0.091668 0.732040 0.006709 0.008128
0 0.230453 0.826349 0.013740 0.006580
0 0.240839 0.818350 0.012708 0.010450
0 0.257707 0.821962 0.005935 0.006322
0 0.279382 0.822865 0.006709 0.008128
0 0.269964 0.801514 0.007999 0.007741
0 0.289638 0.806287 0.006838 0.006709
0 0.302604 0.800675 0.007225 0.006838
0 0.331954 0.729073 0.005290 0.007096
0 0.336728 0.755198 0.006322 0.005677
0 0.324020 0.712108 0.006967 0.010321
0 0.340534 0.726170 0.008773 0.014449
0 0.348210 0.701916 0.009676 0.013159
0 0.356531 0.673404 0.011869 0.017030
0 0.465354 0.643537 0.005548 0.005290
0 0.471869 0.642634 0.004386 0.006322
0 0.474772 0.635861 0.005032 0.005677
0 0.465483 0.637538 0.006322 0.005935
0 0.519604 0.664760 0.012385 0.006709
0 0.507283 0.818866 0.011224 0.006322
0 0.532892 0.796998 0.005677 0.006451
0 0.641263 0.916980 0.022964 0.019610
0 0.703511 0.909433 0.006451 0.005677
0 0.728217 0.863827 0.006064 0.005806
0 0.646617 0.773840 0.008257 0.010063
0 0.716671 0.777388 0.007225 0.007870
0 0.719896 0.771196 0.007225 0.006580
0 0.576498 0.663567 0.006709 0.006515
0 0.620008 0.673565 0.012192 0.005870
0 0.630845 0.697433 0.005870 0.005612
0 0.705963 0.689466 0.008644 0.005935
0 0.682676 0.690563 0.004644 0.006322
0 0.671903 0.687724 0.005290 0.005806
0 0.609977 0.622121 0.007354 0.005419
0 0.618943 0.612381 0.006451 0.006838
0 0.625394 0.593545 0.006193 0.005290
0 0.560952 0.486916 0.006064 0.009547
0 0.542503 0.440794 0.009676 0.007612
0 0.524700 0.446922 0.005548 0.008773
0 0.675903 0.811190 0.009934 0.006838
0 0.696932 0.531393 0.007612 0.008321
0 0.710026 0.476530 0.006322 0.005032
0 0.757342 0.452469 0.008708 0.008257
0 0.762406 0.429183 0.010063 0.012901
0 0.678870 0.347904 0.006193 0.007225
0 0.689352 0.305008 0.008966 0.010321
0 0.865745 0.345340 0.004902 0.004870
0 0.919447 0.283591 0.008386 0.007096
0 0.912512 0.298428 0.004838 0.005677
0 0.938315 0.267110 0.007031 0.008708
0 0.985308 0.540908 0.009160 0.009289
0 0.889129 0.633539 0.006451 0.024770
0 0.970407 0.629281 0.006967 0.018836
0 0.867712 0.612381 0.007483 0.006193
0 0.872486 0.705528 0.008257 0.019094
0 0.828235 0.709398 0.013675 0.012901
0 0.904933 0.674694 0.005290 0.006193
0 0.815656 0.846410 0.013159 0.014449
0 0.800819 0.967037 0.010063 0.017030
0 0.813076 0.949620 0.005677 0.006967
0 0.829460 0.919302 0.006451 0.008257
0 0.831428 0.907014 0.005096 0.005999
0 0.817333 0.978197 0.004773 0.005677
0 0.994726 0.931301 0.006967 0.009934
0 0.731432 0.770315 0.007520 0.005060
0 0.848167 0.521488 0.006466 0.009699
