0 0.978575 0.152375 0.016773 0.014617
0 0.944909 0.174180 0.014617 0.013419
0 0.824382 0.257447 0.011262 0.007907
0 0.943951 0.047663 0.008387 0.009105
0 0.923224 0.028134 0.011981 0.012700
0 0.737401 0.110802 0.005272 0.004313
0 0.752976 0.124340 0.005990 0.007189
0 0.899681 0.007108 0.006350 0.006829
0 0.275540 0.008485 0.009704 0.006709
0 0.228036 0.030051 0.006949 0.005990
0 0.213839 0.053653 0.005631 0.006470
0 0.185983 0.118350 0.018930 0.011741
0 0.301538 0.125059 0.005391 0.005272
0 0.033587 0.211680 0.006470 0.007428
0 0.034785 0.245406 0.013179 0.012580
0 0.116554 0.246185 0.007788 0.006230
0 0.184306 0.184244 0.009345 0.009824
0 0.085943 0.285842 0.004792 0.006230
0 0.054434 0.342391 0.005751 0.005272
0 0.065097 0.354612 0.005511 0.010064
0 0.251399 0.366712 0.011981 0.007428
0 0.316934 0.438957 0.013179 0.009585
0 0.262660 0.490714 0.019649 0.018690
0 0.223603 0.522343 0.006709 0.005751
0 0.185983 0.565235 0.006709 0.007668
0 0.391814 0.439196 0.006230 0.006709
0 0.029963 0.609504 0.009645 0.007428
0 0.159086 0.608246 0.008746 0.011981
0 0.470408 0.354672 0.005272 0.005391
0 0.562720 0.347363 0.016893 0.007308
0 0.625859 0.353114 0.006589 0.006110
0 0.682888 0.353234 0.009465 0.010903
0 0.734586 0.336161 0.008387 0.005511
0 0.715776 0.378573 0.011502 0.007428
0 0.963899 0.404991 0.005751 0.005871
0 0.639098 0.437459 0.004553 0.005391
0 0.639877 0.453454 0.011861 0.018211
0 0.621187 0.497543 0.013059 0.018930
0 0.604833 0.500179 0.005032 0.005990
0 0.590636 0.519827 0.008027 0.007189
0 0.600041 0.532887 0.005511 0.006709
0 0.884106 0.494428 0.005751 0.006230
0 0.556490 0.583985 0.007308 0.006829
0 0.572605 0.576856 0.006949 0.005511
0 0.575600 0.616453 0.006709 0.008027
0 0.499581 0.638198 0.010903 0.007907
0 0.527437 0.668210 0.010064 0.012819
0 0.491854 0.691692 0.009824 0.007548
0 0.482629 0.706309 0.015575 0.010423
0 0.424821 0.716493 0.005391 0.007308
0 0.403974 0.710922 0.005631 0.007668
0 0.616514 0.721405 0.005990 0.006230
0 0.786013 0.714187 0.005451 0.005931
0 0.912741 0.776637 0.005751 0.006230
0 0.978815 0.772863 0.007788 0.008027
0 0.740786 0.326577 0.005331 0.005152
0 0.884885 0.890694 0.007428 0.005391
0 0.772385 0.848522 0.007189 0.006589
0 0.580812 0.908006 0.043850 0.020367
0 0.562521 0.896747 0.004816 0.005505
0 0.447012 0.919367 0.008601 0.007913
0 0.405470 0.924270 0.006021 0.006709
0 0.396181 0.959275 0.017718 0.011353
0 0.379710 0.857763 0.005419 0.005376
0 0.314774 0.994775 0.006881 0.007268
0 0.082903 0.760565 0.005988 0.005383
0 0.214049 0.181320 0.005016 0.004769
