0 0.057170 0.265580 0.006237 0.004090
0 0.219524 0.053093 0.006581 0.005077
0 0.251349 0.066303 0.010248 0.006487
0 0.600979 0.146900 0.012692 0.008368
0 0.489897 0.174447 0.015607 0.012128
0 0.488369 0.192193 0.021483 0.011235
0 0.217338 0.272132 0.010718 0.007992
0 0.220875 0.311773 0.006417 0.006464
0 0.584902 0.316579 0.006581 0.006534
0 0.579825 0.140742 0.004325 0.004419
0 0.665593 0.114205 0.004654 0.004654
0 0.397853 0.200196 0.009120 0.007686
0 0.371998 0.212595 0.004748 0.004795
0 0.434238 0.475212 0.004654 0.005218
