0 0.814505 0.316531 0.008326 0.016331
0 0.853091 0.271060 0.004803 0.006084
0 0.748701 0.371368 0.009606 0.007845
0 0.694344 0.005041 0.004643 0.007205
0 0.849889 0.497132 0.010887 0.015691
0 0.914573 0.689582 0.004483 0.007365
0 0.923699 0.764833 0.006084 0.010567
0 0.931865 0.775400 0.007685 0.008646
0 0.377251 0.835440 0.025937 0.019213
0 0.243361 0.829677 0.006484 0.005444
0 0.614210 0.822792 0.006244 0.008486
0 0.644471 0.840484 0.006244 0.005444
0 0.597079 0.828236 0.008486 0.004963
0 0.603323 0.825033 0.004323 0.004963
0 0.613010 0.829356 0.006404 0.005604
0 0.176976 0.114595 0.007685 0.006364
0 0.233954 0.940932 0.008646 0.007445
0 0.633114 0.239913 0.004837 0.006449
0 0.727792 0.831222 0.007193 0.004713
