0 0.414194 0.073401 0.007548 0.005959
0 0.590475 0.184385 0.005959 0.005562
0 0.643626 0.211117 0.005108 0.004767
0 0.654523 0.210833 0.004881 0.005108
0 0.801575 0.315546 0.006130 0.005903
0 0.946754 0.279847 0.006811 0.006697
0 0.362972 0.757781 0.009762 0.012940
0 0.363994 0.807499 0.005903 0.007946
0 0.164500 0.860054 0.010329 0.009989
0 0.179540 0.914198 0.005448 0.006584
0 0.456363 0.936049 0.005959 0.006811
0 0.856003 0.967207 0.006357 0.007265
0 0.817126 0.662376 0.006470 0.006924
0 0.712753 0.523383 0.006584 0.005676
0 0.719607 0.491515 0.005193 0.005619
0 0.475886 0.956367 0.010102 0.007832
