0 0.178762 0.114789 0.009805 0.007418
0 0.151153 0.218419 0.009547 0.009289
0 0.161281 0.209839 0.008386 0.005677
0 0.110514 0.505601 0.012256 0.019739
0 0.191502 0.775916 0.005612 0.006386
0 0.213434 0.754661 0.006128 0.005548
0 0.376539 0.807943 0.006064 0.006709
0 0.450914 0.887931 0.014191 0.013417
0 0.472782 0.945600 0.007354 0.006709
0 0.457559 0.761627 0.005677 0.007225
0 0.523355 0.627390 0.006709 0.007870
0 0.535805 0.613263 0.005806 0.007483
0 0.579863 0.587654 0.005419 0.006580
0 0.598312 0.526308 0.010837 0.015482
0 0.599473 0.513020 0.008515 0.008515
0 0.620373 0.465543 0.005935 0.005677
0 0.632694 0.463672 0.005806 0.005032
0 0.478330 0.353624 0.005161 0.007354
0 0.661012 0.414325 0.005419 0.005935
0 0.669043 0.407713 0.005225 0.005483
0 0.671268 0.384362 0.006967 0.005354
0 0.626436 0.915572 0.004644 0.005225
0 0.814182 0.771916 0.005161 0.006322
0 0.820343 0.782205 0.005225 0.007547
0 0.724131 0.717150 0.006838 0.005548
0 0.786380 0.713925 0.005161 0.006580
0 0.741935 0.345238 0.006451 0.005999
0 0.787606 0.182972 0.006064 0.006322
0 0.725035 0.194003 0.006322 0.006451
0 0.729098 0.104468 0.017804 0.015482
0 0.698458 0.065990 0.006064 0.005483
0 0.693620 0.038414 0.006193 0.007870
0 0.891622 0.247221 0.018836 0.011740
0 0.907491 0.236126 0.012643 0.009160
0 0.974642 0.220838 0.030060 0.010966
