0 0.852092 0.043238 0.006244 0.006164
0 0.657161 0.046080 0.023056 0.007525
0 0.598401 0.075540 0.014250 0.012008
0 0.557894 0.052645 0.008486 0.008806
0 0.571343 0.014059 0.006484 0.004403
0 0.428207 0.247456 0.031701 0.012328
0 0.360721 0.212713 0.008486 0.008166
0 0.805501 0.497865 0.012969 0.015691
0 0.319253 0.170844 0.008486 0.008486
0 0.343830 0.185574 0.007045 0.008806
0 0.618535 0.278317 0.017532 0.008246
0 0.059398 0.273594 0.005123 0.005844
0 0.122561 0.405563 0.024977 0.017452
0 0.214062 0.326549 0.004963 0.007685
0 0.386819 0.898375 0.012649 0.015691
0 0.805492 0.298499 0.005921 0.007872
0 0.574376 0.614140 0.007401 0.005181
0 0.531651 0.456362 0.005383 0.005315
0 0.617336 0.311771 0.005181 0.006661
0 0.327549 0.354092 0.006123 0.006526
0 0.087517 0.405126 0.005383 0.006594
0 0.444587 0.769833 0.006392 0.007199
0 0.590860 0.736460 0.008141 0.006257
