0 0.084776 0.163645 0.012127 0.010321
0 0.347575 0.157581 0.014449 0.031479
0 0.422532 0.151259 0.006709 0.005677
0 0.417758 0.186093 0.012385 0.017288
0 0.425950 0.214218 0.014320 0.027609
0 0.415371 0.266210 0.040897 0.069409
0 0.303195 0.394836 0.004902 0.007225
0 0.346608 0.473082 0.014643 0.016901
0 0.345962 0.556908 0.007418 0.007547
0 0.231044 0.618544 0.010579 0.032769
0 0.215788 0.655345 0.005483 0.006773
0 0.089872 0.717303 0.007418 0.012643
0 0.375829 0.655474 0.006386 0.006902
0 0.592861 0.822707 0.016256 0.024512
0 0.685686 0.291303 0.009676 0.010579
0 0.661721 0.315493 0.006515 0.005419
