0 0.748183 0.658158 0.019647 0.026284
0 0.838984 0.717763 0.013806 0.029205
0 0.692960 0.803253 0.022302 0.020178
0 0.397724 0.728648 0.029736 0.024957
0 0.449231 0.913170 0.029736 0.018054
0 0.372236 0.942906 0.014868 0.010620
0 0.379139 0.962022 0.025488 0.012744
0 0.316481 0.890868 0.010620 0.018054
0 0.261788 0.782014 0.023364 0.014868
0 0.179749 0.015649 0.015399 0.010354
0 0.658312 0.276503 0.016726 0.009558
0 0.956386 0.091534 0.006934 0.011689
0 0.980953 0.074991 0.014463 0.015057
0 0.323398 0.580993 0.006526 0.005656
0 0.327749 0.593248 0.005946 0.007251
0 0.332897 0.605792 0.006961 0.007686
0 0.344499 0.608911 0.006671 0.008992
0 0.345587 0.599774 0.006816 0.005221
0 0.933747 0.376921 0.006744 0.008049
0 0.812141 0.414120 0.008484 0.008919
0 0.751991 0.457194 0.008267 0.010660
0 0.696191 0.307307 0.006091 0.006744
0 0.586007 0.352121 0.005874 0.007179
0 0.605259 0.353209 0.005656 0.007614
0 0.516176 0.373658 0.007179 0.008919
0 0.361395 0.679303 0.005656 0.006744
0 0.806485 0.703450 0.006961 0.006309
0 0.999474 0.970113 0.008086 0.008708
0 0.466081 0.781170 0.008086 0.005287
0 0.794592 0.922139 0.006376 0.005754
0 0.649892 0.947720 0.007153 0.004976
0 0.122097 0.983487 0.007464 0.009019
0 0.115877 0.942432 0.006842 0.005909
0 0.081976 0.851771 0.006842 0.006220
0 0.359494 0.592286 0.004734 0.005045
