0 0.522450 0.033700 0.016992 0.010620
0 0.008310 0.621250 0.022567 0.009823
0 0.184203 0.640764 0.020709 0.027612
0 0.434536 0.541899 0.014138 0.008297
0 0.631570 0.508479 0.019780 0.007832
0 0.819610 0.590917 0.016992 0.010222
0 0.908088 0.569345 0.017390 0.010354
0 0.635718 0.603797 0.011457 0.008267
0 0.881939 0.390262 0.011312 0.009572
0 0.021345 0.368725 0.007831 0.008267
0 0.067899 0.715704 0.008702 0.008267
0 0.027871 0.466401 0.008702 0.007396
0 0.378548 0.567340 0.007831 0.009137
0 0.397474 0.554505 0.007396 0.007831
0 0.951987 0.537755 0.006961 0.007396
0 0.988317 0.544716 0.010007 0.009137
0 0.964164 0.618125 0.007464 0.007775
0 0.816120 0.698056 0.009019 0.005287
0 0.651593 0.764069 0.005287 0.005754
0 0.642184 0.779620 0.007309 0.006065
0 0.539083 0.758005 0.005754 0.005443
