0 0.884271 0.817950 0.006330 0.007155
0 0.869411 0.727822 0.025593 0.024768
0 0.918396 0.670443 0.012934 0.008531
0 0.143953 0.963736 0.005298 0.005366
0 0.159175 0.953072 0.004988 0.005229
0 0.252244 0.767279 0.006605 0.005573
0 0.128198 0.679663 0.005229 0.005229
0 0.149939 0.464595 0.005848 0.007155
0 0.335767 0.387952 0.005710 0.006467
0 0.188931 0.220804 0.004988 0.011902
0 0.132567 0.071199 0.004541 0.007430
0 0.137589 0.065557 0.005504 0.006605
0 0.150937 0.063356 0.007155 0.015686
0 0.119461 0.016297 0.007086 0.007155
