0 0.002523 0.695147 0.005181 0.004680
0 0.132582 0.839142 0.004137 0.004596
0 0.156818 0.822782 0.006728 0.005892
0 0.508592 0.640753 0.006832 0.006017
0 0.381636 0.491201 0.007145 0.006769
0 0.420121 0.486312 0.028456 0.008023
0 0.238917 0.348043 0.007772 0.007271
0 0.253771 0.338077 0.019180 0.012912
0 0.094379 0.293073 0.006519 0.006017
0 0.352271 0.327609 0.006205 0.006393
0 0.455535 0.273267 0.006644 0.005390
0 0.486686 0.265118 0.013539 0.006895
0 0.635854 0.392215 0.004936 0.004607
0 0.699230 0.432158 0.006675 0.006268
0 0.725116 0.331370 0.005046 0.004826
0 0.759386 0.361033 0.004325 0.004670
0 0.808698 0.380009 0.006581 0.007083
0 0.794846 0.255450 0.006080 0.006049
0 0.840633 0.222748 0.007584 0.006268
0 0.931518 0.118105 0.007584 0.006707
0 0.059997 0.496163 0.006252 0.006205
0 0.408745 0.687114 0.007521 0.006393
