0 0.162614 0.997166 0.004889 0.006143
0 0.161580 0.888231 0.006707 0.006393
0 0.231561 0.896097 0.006895 0.006581
0 0.172110 0.517235 0.006581 0.004889
0 0.163179 0.502944 0.005641 0.004513
0 0.410259 0.437507 0.005892 0.008023
0 0.415774 0.437445 0.004638 0.005390
0 0.420099 0.384857 0.010530 0.009276
0 0.222222 0.823280 0.007709 0.007427
0 0.271958 0.826774 0.004764 0.005014
0 0.293801 0.802079 0.004576 0.006519
0 0.293645 0.762654 0.004764 0.005014
0 0.358517 0.707841 0.006393 0.004952
0 0.460997 0.693676 0.004638 0.004826
0 0.497601 0.714736 0.006644 0.005829
0 0.622661 0.535318 0.006174 0.006393
0 0.912065 0.457282 0.006519 0.006644
0 0.837885 0.471918 0.007333 0.004701
0 0.835096 0.448069 0.009653 0.010405
0 0.806107 0.455559 0.004450 0.006581
0 0.793007 0.452456 0.006080 0.006895
0 0.813315 0.444590 0.015607 0.013225
0 0.715034 0.503915 0.005954 0.006080
0 0.682723 0.390122 0.004701 0.007083
0 0.778873 0.414269 0.005766 0.004670
0 0.811027 0.422715 0.004701 0.006393
0 0.840110 0.403880 0.006581 0.006331
0 0.871136 0.396797 0.006581 0.004826
0 0.850640 0.382851 0.006456 0.004889
0 0.824503 0.604139 0.006707 0.006205
0 0.550064 0.115401 0.005140 0.008524
0 0.553354 0.091238 0.005453 0.006080
0 0.578708 0.044041 0.006268 0.005328
0 0.578050 0.031348 0.004576 0.005014
0 0.807830 0.155170 0.004701 0.006519
0 0.966016 0.454258 0.008274 0.012975
