0 0.694200 0.990550 0.007870 0.012514
0 0.690072 0.972681 0.007096 0.007483
0 0.689169 0.918819 0.004902 0.005290
0 0.650014 0.902240 0.006580 0.008128
0 0.554609 0.899080 0.010321 0.007999
0 0.545513 0.884243 0.005032 0.005419
0 0.547577 0.877728 0.007612 0.007096
0 0.536160 0.878244 0.004902 0.006322
0 0.509519 0.869020 0.009418 0.008257
0 0.492166 0.866310 0.005677 0.006451
0 0.602988 0.828961 0.014320 0.007096
0 0.638531 0.829767 0.013675 0.005999
0 0.414307 0.769422 0.007870 0.006709
0 0.504294 0.762584 0.005935 0.005935
0 0.507261 0.757488 0.006451 0.006322
0 0.561640 0.788516 0.014191 0.007999
0 0.711021 0.811173 0.007644 0.004806
0 0.767254 0.734524 0.008386 0.008515
0 0.878592 0.768551 0.006322 0.008450
0 0.907814 0.694465 0.009031 0.013546
0 0.910910 0.621702 0.005290 0.006451
0 0.903234 0.631378 0.005677 0.006451
0 0.477519 0.756926 0.006325 0.006395
0 0.857452 0.740235 0.005622 0.006325
