0 0.009462 0.998377 0.005366 0.006192
0 0.651569 0.834427 0.005504 0.005366
0 0.617754 0.828270 0.008875 0.005986
0 0.610014 0.828201 0.006742 0.005435
0 0.681015 0.800784 0.010870 0.007155
0 0.653083 0.794248 0.004266 0.007293
0 0.695945 0.782002 0.009632 0.009219
0 0.792987 0.755961 0.007774 0.005022
0 0.916912 0.746467 0.005366 0.011421
0 0.478538 0.744575 0.009494 0.006192
0 0.760307 0.743715 0.007224 0.005573
0 0.478400 0.734358 0.008118 0.008325
0 0.322913 0.619429 0.007018 0.006330
0 0.861872 0.441960 0.013760 0.011146
0 0.869371 0.283859 0.006605 0.008944
0 0.402377 0.676463 0.009082 0.008669
0 0.950452 0.670787 0.024561 0.016512
0 0.406711 0.665387 0.009219 0.009357
0 0.383663 0.649012 0.007155 0.007430
0 0.080739 0.648324 0.026281 0.009082
0 0.077918 0.642201 0.005229 0.005366
0 0.121193 0.631262 0.014723 0.009632
0 0.140904 0.623488 0.005710 0.005779
0 0.214107 0.620839 0.013554 0.006674
