0 0.352292 0.034633 0.012649 0.012168
0 0.018547 0.102999 0.005444 0.005524
0 0.003096 0.112605 0.011528 0.006484
0 0.015865 0.113245 0.014490 0.006965
0 0.137347 0.133059 0.006725 0.006404
0 0.040642 0.103599 0.011208 0.008326
0 0.059454 0.407244 0.020013 0.014890
0 0.118454 0.380025 0.009606 0.011368
0 0.227408 0.192219 0.009286 0.011368
0 0.103204 0.897574 0.007365 0.008806
0 0.118334 0.858908 0.005604 0.008966
0 0.165800 0.255472 0.004104 0.006661
0 0.160148 0.247634 0.005719 0.009420
0 0.230526 0.214934 0.005854 0.006325
0 0.272073 0.230476 0.005113 0.006459
