0 0.598870 0.016666 0.033943 0.019853
0 0.978886 0.031556 0.007845 0.007685
0 0.237786 0.278643 0.007685 0.015530
0 0.245872 0.175774 0.008486 0.008646
0 0.560564 0.399644 0.008726 0.019213
0 0.576735 0.562434 0.005524 0.005684
0 0.667796 0.619753 0.007205 0.007925
0 0.694054 0.638405 0.008646 0.007605
0 0.697096 0.694283 0.008166 0.007445
0 0.682806 0.804157 0.020254 0.010567
0 0.861487 0.784624 0.006324 0.006564
0 0.916524 0.775958 0.005924 0.006284
0 0.984790 0.564315 0.007245 0.005123
0 0.266326 0.714457 0.007525 0.006244
0 0.308114 0.704210 0.005284 0.006564
0 0.412184 0.693563 0.007205 0.008326
0 0.470383 0.678913 0.008005 0.007525
0 0.548516 0.854951 0.024336 0.014730
0 0.449569 0.910029 0.021454 0.014410
0 0.184551 0.886873 0.004883 0.006284
0 0.655502 0.994549 0.006123 0.006796
