0 0.077861 0.122584 0.009606 0.009606
0 0.028067 0.056779 0.009927 0.010567
0 0.005492 0.013390 0.007685 0.008966
0 0.341759 0.261597 0.006805 0.007125
0 0.324427 0.634689 0.015050 0.023856
0 0.361012 0.581693 0.006885 0.009126
0 0.570513 0.777105 0.016331 0.010887
0 0.599332 0.791194 0.010247 0.008966
0 0.476850 0.878373 0.008966 0.006885
0 0.547137 0.893904 0.007045 0.005924
0 0.724937 0.844590 0.007205 0.007525
0 0.726298 0.954825 0.007365 0.008646
0 0.796265 0.905832 0.007685 0.009927
0 0.250777 0.997173 0.006644 0.005924
0 0.556063 0.970996 0.006244 0.007845
0 0.331576 0.103296 0.007295 0.004501
0 0.644259 0.647019 0.005355 0.005510
