0 0.881182 0.496514 0.004912 0.005272
0 0.882710 0.503463 0.008207 0.005272
0 0.799862 0.532217 0.006530 0.007668
0 0.724173 0.595536 0.020008 0.012101
0 0.705962 0.586011 0.006110 0.006470
0 0.667115 0.633605 0.005931 0.006530
0 0.580613 0.008355 0.006050 0.006230
0 0.968792 0.124974 0.004732 0.005122
0 0.777428 0.258665 0.005871 0.006170
0 0.778387 0.103423 0.006589 0.006110
0 0.569141 0.305181 0.007428 0.007548
0 0.575731 0.306259 0.006709 0.006110
0 0.535295 0.325308 0.006110 0.005871
0 0.479944 0.341782 0.006350 0.005751
0 0.460116 0.354362 0.026118 0.010783
0 0.438970 0.343519 0.015455 0.011621
0 0.449692 0.314825 0.006230 0.007907
0 0.484437 0.250728 0.008626 0.011741
0 0.444481 0.118220 0.019529 0.013419
0 0.453826 0.132716 0.007069 0.005272
0 0.268422 0.108725 0.006949 0.007368
0 0.205104 0.047952 0.006110 0.006949
0 0.329165 0.036930 0.006709 0.007308
0 0.296158 0.003264 0.007907 0.005511
0 0.320000 0.223651 0.006470 0.005871
0 0.168862 0.237010 0.012340 0.009824
0 0.235176 0.442062 0.008147 0.005631
0 0.254045 0.437629 0.007069 0.006350
0 0.266505 0.438108 0.007308 0.007548
0 0.309876 0.417082 0.006350 0.006470
0 0.184287 0.372693 0.005272 0.006470
0 0.219091 0.566632 0.005032 0.005571
0 0.118991 0.501546 0.014018 0.007548
0 0.048484 0.572114 0.005032 0.005871
0 0.039019 0.705161 0.009585 0.007428
0 0.406951 0.713787 0.007907 0.005751
0 0.262462 0.770546 0.005511 0.005331
0 0.211573 0.785462 0.006050 0.006050
0 0.181501 0.799450 0.009046 0.006949
0 0.063251 0.848092 0.016114 0.020248
0 0.079694 0.847882 0.007308 0.005691
0 0.124383 0.806249 0.007668 0.004852
0 0.389758 0.894697 0.008626 0.007907
0 0.741790 0.019408 0.008363 0.005974
