0 0.107342 0.985669 0.006644 0.006644
0 0.034224 0.965640 0.016256 0.014965
0 0.086732 0.930032 0.008257 0.007741
0 0.144530 0.910551 0.021674 0.023480
0 0.153432 0.911842 0.005935 0.007483
0 0.159496 0.929903 0.005677 0.007999
0 0.159625 0.916486 0.007999 0.006967
0 0.223002 0.886942 0.007676 0.008773
0 0.369529 0.816114 0.007483 0.008386
0 0.336953 0.764057 0.009676 0.009547
0 0.394815 0.702905 0.012643 0.007741
0 0.423972 0.691939 0.010579 0.008515
0 0.494800 0.700712 0.005677 0.006967
0 0.389526 0.676587 0.014449 0.011869
0 0.337533 0.712968 0.006451 0.007225
0 0.496993 0.606017 0.006193 0.006709
0 0.496542 0.564862 0.014062 0.016256
0 0.542857 0.616015 0.007612 0.007354
0 0.662968 0.596921 0.007096 0.006322
0 0.593946 0.544671 0.018707 0.013804
0 0.545244 0.472746 0.011611 0.021158
0 0.676644 0.499742 0.006193 0.006902
0 0.815784 0.405402 0.006709 0.006967
0 0.865325 0.362634 0.007483 0.007096
0 0.921897 0.385856 0.007354 0.006322
0 0.929638 0.318834 0.005032 0.005419
0 0.981179 0.242200 0.005935 0.006193
