0 0.234037 0.941722 0.017252 0.017732
0 0.011133 0.650109 0.006470 0.006589
0 0.040666 0.629921 0.006470 0.006589
0 0.118841 0.570975 0.009225 0.011142
0 0.240791 0.689451 0.008057 0.007458
0 0.625540 0.915634 0.010663 0.005212
0 0.846946 0.873372 0.013658 0.010304
0 0.861742 0.868040 0.009704 0.009944
0 0.530532 0.647713 0.012220 0.011142
0 0.493631 0.338308 0.008626 0.007907
0 0.541824 0.222153 0.005092 0.009225
0 0.265456 0.479621 0.004193 0.005032
0 0.270069 0.479861 0.004073 0.005272
0 0.281091 0.484534 0.005751 0.004792
0 0.273543 0.485492 0.005272 0.005990
0 0.982810 0.790590 0.005693 0.006255
