0 0.027091 0.258924 0.024426 0.026550
0 0.043153 0.270606 0.017788 0.025488
0 0.548930 0.411188 0.012478 0.026815
0 0.575347 0.273261 0.030798 0.014337
0 0.299427 0.991304 0.007832 0.014602
0 0.928892 0.174661 0.005907 0.008828
0 0.708561 0.272531 0.010885 0.011815
0 0.196917 0.346960 0.004677 0.007179
0 0.238250 0.352942 0.007288 0.006526
0 0.185442 0.118106 0.006961 0.010660
0 0.598499 0.259780 0.005112 0.008049
0 0.725706 0.246347 0.007614 0.007940
0 0.764102 0.209038 0.005221 0.006417
0 0.795483 0.168086 0.005982 0.007396
0 0.599092 0.995034 0.007205 0.007205
0 0.473488 0.856541 0.007045 0.008166
0 0.369978 0.945881 0.006885 0.008806
0 0.365735 0.957168 0.005764 0.008326
0 0.397356 0.962372 0.007845 0.007525
0 0.394234 0.969577 0.007365 0.005284
0 0.832045 0.721030 0.006821 0.006511
0 0.027412 0.635268 0.006263 0.006511
