0 0.106066 0.258987 0.018585 0.055224
0 0.094782 0.596437 0.010620 0.020709
0 0.071817 0.595839 0.008761 0.016859
0 0.126642 0.656439 0.015133 0.008761
0 0.141562 0.332633 0.009606 0.009286
0 0.158853 0.420373 0.007045 0.008646
0 0.137079 0.420533 0.007685 0.010247
0 0.137399 0.447591 0.007045 0.013129
0 0.148286 0.479452 0.006404 0.008966
0 0.231382 0.585924 0.006404 0.007045
0 0.262763 0.597372 0.008966 0.007525
0 0.271729 0.597932 0.006404 0.005764
0 0.015276 0.957655 0.008246 0.005684
0 0.154445 0.048504 0.006054 0.006357
0 0.040133 0.539944 0.006796 0.006526
0 0.061529 0.755804 0.006123 0.006997
