0 0.700409 0.997183 0.011696 0.013072
0 0.708114 0.802893 0.007706 0.011008
0 0.563738 0.981118 0.008600 0.004885
0 0.370927 0.864193 0.010320 0.019126
0 0.376706 0.727007 0.005642 0.008944
0 0.375468 0.703340 0.007293 0.010595
0 0.608767 0.620505 0.006467 0.007018
0 0.493081 0.614829 0.007086 0.006536
0 0.478048 0.549641 0.011008 0.014998
0 0.674677 0.447267 0.007981 0.009770
0 0.514443 0.431650 0.005917 0.009632
0 0.506738 0.429999 0.005917 0.008531
0 0.425750 0.191303 0.005622 0.007855
0 0.419053 0.186260 0.006780 0.007689
0 0.661262 0.183352 0.019401 0.009770
0 0.170276 0.785208 0.007303 0.005569
