0 0.444801 0.943072 0.012866 0.012453
0 0.238712 0.858139 0.009770 0.008669
0 0.061415 0.840560 0.005779 0.005710
0 0.683742 0.982288 0.007086 0.006949
0 0.660384 0.875476 0.011696 0.018163
0 0.685221 0.869422 0.007981 0.009632
0 0.733725 0.672861 0.005917 0.007843
0 0.588626 0.449194 0.005642 0.006330
0 0.375279 0.839150 0.010458 0.005366
0 0.232726 0.822776 0.004954 0.006054
0 0.416627 0.678709 0.010182 0.005504
0 0.296951 0.665775 0.005710 0.005779
0 0.440592 0.212759 0.008186 0.011741
0 0.422195 0.188988 0.005126 0.007193
0 0.583508 0.405533 0.006367 0.006615
