0 0.451159 0.773927 0.009375 0.012213
0 0.464103 0.798095 0.011869 0.012213
0 0.011096 0.529921 0.014277 0.014105
0 0.045672 0.494485 0.012557 0.006193
0 0.125660 0.472725 0.021502 0.013933
0 0.146302 0.469027 0.007053 0.006881
0 0.005420 0.431226 0.007053 0.018492
0 0.331994 0.414239 0.006021 0.008085
0 0.370397 0.389125 0.006451 0.006537
0 0.033373 0.137937 0.007741 0.006795
0 0.052208 0.138840 0.012213 0.008085
0 0.133917 0.117854 0.009117 0.006537
0 0.139851 0.110285 0.006537 0.007225
0 0.035922 0.196466 0.005643 0.006801
