0 0.959128 0.104551 0.013898 0.011621
0 0.892874 0.072383 0.019649 0.007189
0 0.845789 0.021824 0.029473 0.009824
0 0.897486 0.024819 0.007548 0.005751
0 0.661853 0.084304 0.014437 0.010304
0 0.710316 0.055580 0.006170 0.005931
0 0.660326 0.064955 0.021086 0.010663
0 0.630164 0.067680 0.018870 0.007967
0 0.535785 0.008405 0.014976 0.010903
0 0.594611 0.070106 0.020248 0.007069
0 0.393992 0.001276 0.032827 0.019409
0 0.319351 0.064775 0.029712 0.013179
0 0.279934 0.055430 0.009824 0.007428
0 0.027139 0.050757 0.005871 0.010663
0 0.031212 0.032427 0.004673 0.007788
0 0.037442 0.059503 0.005152 0.006110
0 0.049842 0.073820 0.005990 0.005511
0 0.185016 0.061121 0.016354 0.007668
0 0.325521 0.178772 0.027915 0.012220
0 0.312612 0.227564 0.011861 0.029353
0 0.433139 0.226067 0.018690 0.012700
0 0.526889 0.235711 0.007069 0.012340
0 0.508618 0.160052 0.006949 0.014377
0 0.503227 0.132856 0.005511 0.005990
0 0.529615 0.153972 0.004253 0.006410
0 0.914289 0.465923 0.010543 0.011981
0 0.665807 0.669837 0.022764 0.009585
0 0.949753 0.770596 0.005272 0.007428
0 0.953347 0.780360 0.009105 0.013299
0 0.951909 0.804981 0.005751 0.006949
0 0.969461 0.829751 0.006230 0.011202
0 0.977039 0.859254 0.012640 0.005631
0 0.494960 0.690264 0.010304 0.016414
0 0.850941 0.890284 0.006889 0.007428
0 0.770160 0.921944 0.007428 0.006050
0 0.029086 0.155500 0.018930 0.027316
0 0.021298 0.184493 0.006230 0.006230
0 0.124153 0.068639 0.010903 0.005272
0 0.132959 0.303343 0.031150 0.010783
0 0.182680 0.345276 0.013658 0.013179
0 0.167943 0.348391 0.005751 0.010304
0 0.039149 0.308495 0.007907 0.015335
0 0.185915 0.445436 0.005032 0.007428
0 0.220180 0.884893 0.008626 0.006110
0 0.367574 0.813996 0.018510 0.011202
0 0.323634 0.881179 0.005631 0.005631
0 0.477543 0.882961 0.006320 0.004882
0 0.489150 0.912119 0.008626 0.005691
