0 0.853453 0.974503 0.023254 0.011421
0 0.960299 0.966454 0.007155 0.007706
0 0.822975 0.857957 0.017888 0.013072
0 0.254759 0.927788 0.018301 0.008394
0 0.586786 0.909694 0.006192 0.007155
0 0.338144 0.905497 0.019952 0.007843
0 0.684413 0.761706 0.015411 0.023667
0 0.684550 0.671923 0.013485 0.021603
0 0.656102 0.579800 0.005435 0.005229
0 0.214030 0.040549 0.005779 0.006467
0 0.129200 0.029403 0.013347 0.010595
0 0.694870 0.710794 0.006605 0.005779
0 0.698861 0.576635 0.007155 0.005642
0 0.698001 0.570546 0.006811 0.006261
