0 0.391618 0.016254 0.027081 0.010089
0 0.328562 0.055548 0.017257 0.014868
0 0.227539 0.182523 0.016992 0.018718
0 0.152137 0.335517 0.013275 0.012213
0 0.351451 0.034913 0.008486 0.009286
0 0.401645 0.061491 0.010567 0.010247
0 0.040842 0.104079 0.015370 0.009927
0 0.021789 0.118009 0.008326 0.006084
0 0.077266 0.137702 0.008486 0.006084
0 0.104445 0.378224 0.004883 0.005684
0 0.221652 0.421195 0.005373 0.006962
0 0.074430 0.679354 0.005584 0.006257
0 0.015725 0.132782 0.008209 0.004710
0 0.135893 0.143009 0.005383 0.006325
0 0.160384 0.247869 0.005652 0.008814
