0 0.317142 0.157954 0.013009 0.005177
0 0.160265 0.392954 0.009890 0.015864
0 0.265568 0.614214 0.018054 0.011682
0 0.416770 0.911574 0.021240 0.016726
0 0.312694 0.880112 0.013275 0.019647
0 0.577331 0.728777 0.019780 0.007434
0 0.594706 0.627944 0.010152 0.011602
0 0.042115 0.108110 0.009137 0.006961
0 0.159587 0.376556 0.008267 0.008702
0 0.288372 0.605301 0.006526 0.006961
0 0.686038 0.619224 0.006526 0.007831
0 0.714536 0.481303 0.013052 0.010442
0 0.313933 0.772808 0.008267 0.009137
0 0.289568 0.784283 0.005439 0.007505
0 0.734658 0.733216 0.007614 0.006091
0 0.711490 0.997746 0.013488 0.009572
0 0.959827 0.773628 0.009927 0.008166
