0 0.678059 0.216635 0.025617 0.019853
0 0.915500 0.269951 0.013769 0.016331
0 0.879795 0.338477 0.035224 0.012488
0 0.746746 0.328230 0.022735 0.009927
0 0.947681 0.503388 0.010247 0.009446
0 0.395949 0.383628 0.017932 0.012649
0 0.598126 0.290885 0.006324 0.005684
0 0.365849 0.234567 0.007205 0.006404
0 0.257536 0.173526 0.004483 0.007605
0 0.195134 0.062491 0.007285 0.004883
0 0.530040 0.988916 0.004963 0.008326
0 0.095707 0.840896 0.005884 0.006845
0 0.056020 0.315362 0.006965 0.006244
0 0.064546 0.323407 0.005764 0.007445
0 0.069469 0.287503 0.006004 0.007205
0 0.080997 0.296269 0.006484 0.009847
0 0.128069 0.150250 0.006004 0.007445
0 0.007628 0.499926 0.007445 0.008166
0 0.957601 0.076500 0.007334 0.005517
