0 0.790068 0.842422 0.006268 0.011031
0 0.795124 0.859136 0.006853 0.009527
0 0.591502 0.831265 0.006184 0.005432
0 0.635377 0.876770 0.004847 0.007187
0 0.634876 0.796248 0.005599 0.006101
0 0.647579 0.788184 0.012452 0.012201
0 0.685102 0.746899 0.022314 0.015544
0 0.724924 0.692995 0.013706 0.019389
0 0.771641 0.594548 0.011867 0.013037
0 0.863235 0.500488 0.018720 0.019305
0 0.833944 0.475834 0.009360 0.005766
0 0.903580 0.464803 0.005474 0.005516
0 0.914611 0.463967 0.013246 0.009945
0 0.940101 0.439564 0.005975 0.006017
0 0.955791 0.430434 0.014625 0.012327
