0 0.217672 0.035100 0.008086 0.005892
0 0.212469 0.057852 0.004074 0.004889
0 0.158941 0.074681 0.004952 0.005202
0 0.146688 0.224327 0.010029 0.008524
0 0.031923 0.200149 0.006017 0.004419
0 0.036530 0.229153 0.005578 0.008274
0 0.057903 0.345579 0.004826 0.007960
0 0.051604 0.365574 0.004262 0.004074
0 0.094602 0.403463 0.006707 0.008211
0 0.177400 0.390927 0.006205 0.005829
0 0.159819 0.407349 0.013288 0.008086
0 0.103283 0.392369 0.004889 0.004701
0 0.104662 0.423677 0.004764 0.004764
0 0.050664 0.590591 0.006205 0.004889
0 0.081157 0.619580 0.016171 0.009214
0 0.090684 0.615850 0.004513 0.004388
0 0.122180 0.637130 0.012222 0.011721
0 0.079778 0.682760 0.004764 0.004576
0 0.252145 0.497199 0.021938 0.020183
0 0.284236 0.443061 0.007898 0.006049
0 0.384397 0.604035 0.007584 0.009151
0 0.561841 0.348416 0.006080 0.004920
0 0.591723 0.348635 0.006487 0.004732
0 0.607785 0.359447 0.004889 0.004670
0 0.623423 0.352474 0.010749 0.006331
0 0.652741 0.358726 0.011972 0.005923
0 0.658711 0.365652 0.006487 0.004732
0 0.553238 0.255228 0.005516 0.006080
0 0.699092 0.047792 0.006268 0.019932
0 0.763369 0.132534 0.006205 0.004889
0 0.772928 0.156195 0.006143 0.005077
0 0.790948 0.169859 0.008211 0.010467
0 0.789005 0.179073 0.004826 0.006456
0 0.784241 0.223136 0.008712 0.010718
0 0.874091 0.247550 0.024445 0.019054
0 0.837706 0.290673 0.005077 0.005140
0 0.706864 0.313456 0.006644 0.006456
0 0.791857 0.333294 0.006017 0.005766
0 0.681573 0.392056 0.023755 0.024382
0 0.644546 0.423411 0.006174 0.005234
0 0.627278 0.432060 0.006801 0.012442
0 0.627309 0.485776 0.006550 0.012254
0 0.620947 0.522036 0.008994 0.011564
0 0.597615 0.540730 0.006393 0.005328
0 0.589686 0.548721 0.006707 0.005140
0 0.571885 0.590857 0.004450 0.004983
0 0.556654 0.633542 0.006519 0.005798
0 0.519517 0.683497 0.006957 0.006174
0 0.319070 0.899472 0.008336 0.006707
0 0.258334 0.938803 0.009088 0.016610
0 0.202550 0.995214 0.006957 0.005328
0 0.395789 0.979113 0.006143 0.005845
0 0.376938 0.964298 0.006644 0.005328
0 0.569143 0.915769 0.006895 0.004732
0 0.627278 0.900867 0.007208 0.006644
0 0.647805 0.918699 0.007647 0.008086
0 0.894477 0.831325 0.006519 0.005140
0 0.733738 0.590669 0.005954 0.004701
0 0.537519 0.437587 0.003803 0.003761
