0 0.991391 0.459449 0.016331 0.008406
0 0.972538 0.450803 0.007445 0.007925
0 0.709200 0.779945 0.024737 0.033142
0 0.532681 0.457708 0.008045 0.006965
0 0.521754 0.470437 0.006604 0.006484
0 0.049776 0.476200 0.029060 0.014650
0 0.060583 0.457228 0.010327 0.010807
0 0.168176 0.525914 0.008886 0.008886
0 0.274087 0.447981 0.006965 0.007205
0 0.310832 0.497335 0.009366 0.006484
0 0.349138 0.482865 0.008886 0.006364
0 0.315815 0.523512 0.005644 0.007685
0 0.007027 0.485987 0.006004 0.005884
0 0.288831 0.839831 0.008209 0.007132
0 0.243011 0.795962 0.006997 0.006325
