0 0.921378 0.276446 0.004313 0.006110
0 0.874712 0.271474 0.020248 0.013658
0 0.858059 0.287289 0.007788 0.005990
0 0.805284 0.331858 0.015815 0.017252
0 0.788930 0.351925 0.005631 0.006350
0 0.716506 0.450468 0.006470 0.012939
0 0.845659 0.563447 0.017252 0.012220
0 0.725252 0.585911 0.005272 0.008746
0 0.710755 0.604362 0.006709 0.010903
0 0.799024 0.693110 0.018750 0.006889
0 0.605323 0.879681 0.008506 0.012340
0 0.596577 0.956718 0.008506 0.015216
0 0.926589 0.981398 0.006110 0.005990
0 0.170419 0.916043 0.006589 0.006709
0 0.275192 0.884653 0.006709 0.005511
0 0.100805 0.914280 0.006007 0.004583
0 0.103158 0.909264 0.004769 0.004335
