0 0.619287 0.810094 0.009823 0.022567
0 0.606012 0.440983 0.009558 0.013673
0 0.585170 0.467931 0.012478 0.017390
0 0.557027 0.533310 0.015133 0.025488
0 0.576409 0.541806 0.014071 0.019116
0 0.452819 0.000188 0.007434 0.014868
0 0.478041 0.192940 0.012213 0.018585
0 0.036516 0.198914 0.013275 0.018850
0 0.043684 0.650528 0.014868 0.008761
0 0.196877 0.683185 0.013275 0.008230
0 0.221303 0.674291 0.013806 0.009558
0 0.057012 0.186036 0.007153 0.008553
0 0.003129 0.232144 0.006687 0.007153
0 0.499105 0.214280 0.007525 0.007045
0 0.535769 0.231171 0.004963 0.007205
0 0.564349 0.186741 0.005444 0.008646
0 0.532968 0.183058 0.005444 0.005764
0 0.547537 0.206915 0.008966 0.012809
0 0.556423 0.353013 0.005924 0.006885
0 0.542494 0.352773 0.008166 0.006404
0 0.217795 0.613749 0.009446 0.006084
0 0.242692 0.602221 0.011528 0.008326
0 0.648966 0.555630 0.007205 0.008646
0 0.675624 0.595176 0.007365 0.006084
0 0.593008 0.627278 0.007365 0.007845
0 0.604976 0.640727 0.004883 0.005284
0 0.407843 0.573642 0.009286 0.007365
0 0.322186 0.519045 0.009927 0.015691
0 0.697478 0.677392 0.010567 0.008005
0 0.730661 0.689760 0.006324 0.007125
0 0.803270 0.756965 0.005364 0.007205
0 0.738786 0.684436 0.006404 0.006404
0 0.851502 0.821249 0.006084 0.007525
0 0.898494 0.863517 0.006885 0.008166
0 0.003170 0.645690 0.006404 0.007045
0 0.486937 0.038961 0.006725 0.007365
0 0.486216 0.063538 0.006244 0.008166
0 0.907971 0.645418 0.006594 0.006459
0 0.691590 0.302276 0.005921 0.006325
