0 0.249290 0.950871 0.026419 0.008944
0 0.092289 0.544403 0.005229 0.006742
0 0.452111 0.384547 0.006880 0.005986
0 0.432159 0.374261 0.010595 0.009770
0 0.446194 0.370890 0.006467 0.008256
0 0.404553 0.326600 0.005882 0.005882
0 0.344233 0.277426 0.007843 0.008394
0 0.322871 0.251385 0.007086 0.006123
0 0.784516 0.955497 0.018163 0.009804
0 0.936598 0.926653 0.012178 0.005573
0 0.737629 0.891084 0.009426 0.016374
0 0.791981 0.867830 0.005986 0.006467
0 0.761915 0.847568 0.006949 0.006949
0 0.756377 0.843681 0.006054 0.005642
0 0.728135 0.841926 0.005022 0.007086
0 0.791964 0.818019 0.004575 0.007086
0 0.737801 0.810571 0.015480 0.013313
0 0.704227 0.763598 0.011077 0.023529
0 0.693632 0.760193 0.006811 0.011077
0 0.312620 0.215713 0.004885 0.005091
0 0.297587 0.213821 0.007706 0.008738
0 0.147535 0.037074 0.018301 0.010526
0 0.113548 0.013407 0.012659 0.012453
0 0.098378 0.006837 0.013278 0.011696
0 0.697863 0.735322 0.006880 0.013760
0 0.698448 0.613581 0.005022 0.009563
