0 0.607109 0.999581 0.007293 0.007981
0 0.632634 0.976739 0.008806 0.008256
0 0.608210 0.957063 0.008118 0.007706
0 0.595276 0.937730 0.004816 0.006467
0 0.557986 0.934565 0.005366 0.005366
0 0.663043 0.885305 0.006330 0.007568
0 0.599885 0.875741 0.019814 0.014035
0 0.585644 0.874916 0.006192 0.006330
0 0.669235 0.858679 0.006054 0.007155
0 0.247150 0.778046 0.004403 0.006054
0 0.624034 0.766901 0.006742 0.005229
0 0.231601 0.756443 0.011008 0.006054
0 0.335901 0.756443 0.012109 0.006880
0 0.019079 0.687781 0.005917 0.005779
0 0.307349 0.487781 0.005917 0.006467
0 0.100607 0.197515 0.010182 0.006605
0 0.784406 0.742821 0.007568 0.006605
0 0.695586 0.742201 0.005091 0.005642
0 0.395895 0.625380 0.016512 0.013072
