0 0.801370 0.957921 0.006192 0.012246
0 0.949220 0.894487 0.016237 0.013210
0 0.921907 0.848804 0.005366 0.006330
0 0.884273 0.827270 0.007155 0.012797
0 0.870376 0.793834 0.006330 0.005917
0 0.808525 0.790531 0.014173 0.010045
0 0.801748 0.699956 0.006261 0.006261
0 0.788264 0.693902 0.013141 0.014517
0 0.640172 0.484717 0.008118 0.008669
0 0.542615 0.377734 0.007430 0.007018
0 0.486337 0.319185 0.008531 0.007981
0 0.358094 0.097238 0.012659 0.010458
0 0.361947 0.063663 0.006605 0.006330
0 0.871958 0.043092 0.009082 0.007706
0 0.085865 0.398376 0.007555 0.004258
