0 0.093818 0.771635 0.004613 0.004792
0 0.095346 0.775919 0.004792 0.006410
0 0.097862 0.779453 0.005990 0.005212
0 0.102235 0.782718 0.017133 0.011981
0 0.137758 0.754503 0.005032 0.005631
0 0.167231 0.735154 0.005751 0.007907
0 0.199339 0.704483 0.007907 0.006470
0 0.243009 0.704363 0.022644 0.015335
0 0.280839 0.678844 0.006530 0.006350
0 0.300997 0.672764 0.006949 0.006889
0 0.317800 0.660304 0.006649 0.007009
0 0.319657 0.652127 0.006769 0.007189
0 0.402145 0.614866 0.006769 0.006350
0 0.871913 0.352426 0.005152 0.008147
0 0.906179 0.340086 0.020487 0.016294
0 0.941043 0.317083 0.026717 0.017013
0 0.964286 0.290485 0.005152 0.005751
0 0.826776 0.268500 0.008686 0.008626
0 0.779002 0.220068 0.017732 0.024141
0 0.531777 0.535733 0.014137 0.009345
0 0.593000 0.528125 0.007668 0.005391
0 0.575088 0.518720 0.007069 0.005751
0 0.584673 0.517462 0.005391 0.005631
0 0.580360 0.513448 0.006829 0.007428
0 0.657786 0.467232 0.005212 0.005691
0 0.682107 0.453424 0.006530 0.005871
0 0.714845 0.435962 0.010663 0.007488
0 0.733684 0.431260 0.007608 0.005990
0 0.097832 0.042302 0.006829 0.011861
0 0.101666 0.057218 0.006350 0.012460
0 0.112688 0.100349 0.007308 0.017732
0 0.103165 0.671730 0.004775 0.005209
0 0.097558 0.684318 0.005715 0.005932
0 0.117743 0.272592 0.005571 0.006511
0 0.148997 0.259316 0.007018 0.011069
