0 0.896329 0.624841 0.017523 0.010089
0 0.765039 0.658958 0.010885 0.016726
0 0.782960 0.750024 0.008496 0.017257
0 0.338846 0.474901 0.019514 0.009558
0 0.477171 0.656038 0.021904 0.008098
0 0.964960 0.076121 0.018054 0.012744
0 0.178180 0.182018 0.007045 0.007045
0 0.250469 0.145353 0.008166 0.005444
0 0.459330 0.168168 0.006084 0.009767
0 0.224371 0.506957 0.008166 0.007525
0 0.323638 0.662342 0.006244 0.007685
0 0.007425 0.756565 0.007525 0.005604
0 0.989847 0.632241 0.008966 0.006404
0 0.994330 0.640727 0.008646 0.006084
0 0.694929 0.538898 0.008326 0.010247
0 0.782428 0.799874 0.009126 0.013129
0 0.826537 0.798834 0.006725 0.006885
0 0.909393 0.718539 0.006244 0.007045
0 0.802121 0.855031 0.006404 0.005924
0 0.810647 0.850188 0.007445 0.006484
0 0.853115 0.910909 0.005604 0.006244
0 0.709178 0.631921 0.005924 0.007365
0 0.637530 0.663863 0.009286 0.006885
0 0.516008 0.645210 0.007365 0.006404
0 0.697410 0.213079 0.006084 0.007205
0 0.681307 0.307056 0.005221 0.007038
0 0.775240 0.841548 0.004306 0.005921
0 0.534670 0.201688 0.005315 0.005517
