0 0.288674 0.036285 0.012611 0.030931
0 0.294117 0.279217 0.009691 0.031727
0 0.365934 0.266938 0.010222 0.029205
0 0.386046 0.325480 0.014868 0.014868
0 0.764582 0.723198 0.006903 0.011151
0 0.393944 0.657222 0.008496 0.023364
0 0.373534 0.842441 0.020643 0.020244
0 0.556785 0.989967 0.008412 0.009862
0 0.989838 0.249094 0.009282 0.010007
0 0.024171 0.203772 0.006816 0.007541
0 0.482821 0.271500 0.010442 0.010442
0 0.514147 0.189705 0.016533 0.012182
0 0.400155 0.210154 0.011312 0.011312
0 0.753008 0.289774 0.009572 0.009572
0 0.756271 0.242785 0.010007 0.009572
0 0.815224 0.227557 0.008702 0.007831
0 0.886796 0.338721 0.009137 0.010007
0 0.828930 0.402352 0.006091 0.006091
0 0.467811 0.458695 0.006961 0.006526
0 0.532856 0.572251 0.006526 0.007396
0 0.124095 0.694401 0.007831 0.008267
0 0.477165 0.929781 0.007396 0.009137
0 0.573645 0.941310 0.005003 0.006526
0 0.554610 0.956212 0.006526 0.008919
0 0.967068 0.871915 0.005221 0.005656
0 0.957660 0.867346 0.004677 0.004351
0 0.998692 0.237990 0.008708 0.006065
0 0.640790 0.881716 0.005909 0.007620
0 0.644522 0.937621 0.006842 0.006531
0 0.209420 0.293744 0.004268 0.004501
0 0.347738 0.223489 0.005782 0.003997
0 0.263513 0.599365 0.005821 0.005743
0 0.314968 0.481361 0.005510 0.004113
0 0.286020 0.432313 0.004579 0.006286
0 0.027507 0.247741 0.005743 0.005627
0 0.673945 0.400028 0.005898 0.004036
0 0.963307 0.866531 0.005200 0.005665
0 0.548530 0.955431 0.004501 0.006053
