0 0.975061 0.017009 0.005849 0.007053
0 0.921091 0.132303 0.006107 0.006451
0 0.862906 0.182231 0.017718 0.016342
0 0.843554 0.207002 0.005505 0.006709
0 0.828846 0.232202 0.006709 0.006881
0 0.804506 0.242953 0.005161 0.007397
0 0.804076 0.268240 0.005677 0.008085
0 0.787734 0.280367 0.006021 0.007913
0 0.954720 0.272669 0.005247 0.006967
0 0.981168 0.298042 0.004988 0.007139
0 0.999917 0.294515 0.005333 0.007311
0 0.731313 0.312061 0.004816 0.005247
0 0.716691 0.321866 0.005849 0.006107
0 0.726496 0.337778 0.006021 0.006107
0 0.748041 0.343583 0.005935 0.005161
0 0.689125 0.351711 0.005419 0.004902
0 0.786315 0.376782 0.007311 0.006537
0 0.728517 0.399919 0.006967 0.006193
0 0.718626 0.412691 0.005075 0.005591
0 0.607890 0.583547 0.019266 0.020642
0 0.408609 0.555551 0.008773 0.006451
0 0.443313 0.543596 0.012471 0.004386
0 0.449033 0.488594 0.008257 0.007741
0 0.472083 0.488766 0.005849 0.005677
0 0.349736 0.503129 0.006279 0.005677
0 0.468686 0.644871 0.005333 0.007397
0 0.493198 0.658246 0.010493 0.005935
0 0.455999 0.668739 0.005935 0.005763
0 0.519431 0.679791 0.006193 0.006709
0 0.506959 0.707141 0.006365 0.007741
0 0.214702 0.364999 0.007397 0.005677
0 0.272930 0.432602 0.006021 0.007397
0 0.171526 0.453588 0.024426 0.013417
0 0.054726 0.500033 0.005161 0.006193
0 0.021527 0.528244 0.006193 0.005849
0 0.010604 0.543553 0.006709 0.007913
0 0.330599 0.717763 0.020126 0.011525
0 0.319160 0.696691 0.007225 0.006537
