0 0.638605 0.177421 0.023696 0.014890
0 0.441512 0.101449 0.008326 0.006404
0 0.734830 0.504681 0.025617 0.021935
0 0.779820 0.433113 0.021134 0.022895
0 0.303019 0.767338 0.064043 0.037145
0 0.466329 0.688885 0.015370 0.011208
0 0.491225 0.670153 0.006244 0.006404
0 0.566556 0.609232 0.010247 0.008486
0 0.612667 0.612514 0.006404 0.006725
0 0.652134 0.586977 0.008166 0.007205
0 0.677991 0.579532 0.006725 0.004803
0 0.652374 0.661667 0.008326 0.008966
0 0.572640 0.350737 0.006725 0.007365
0 0.588811 0.350177 0.006404 0.007845
0 0.579685 0.359463 0.005444 0.006244
0 0.600099 0.357702 0.005924 0.006564
0 0.972510 0.339890 0.007045 0.007445
0 0.454080 0.941536 0.032982 0.010887
0 0.554788 0.926005 0.007045 0.007365
0 0.218161 0.997333 0.022575 0.010087
0 0.056492 0.919561 0.014089 0.008326
0 0.679085 0.190838 0.006131 0.004501
