0 0.098297 0.197248 0.010620 0.033187
0 0.675492 0.100407 0.017523 0.007567
0 0.147215 0.511201 0.007567 0.020443
0 0.377336 0.423851 0.014337 0.016726
0 0.839111 0.236895 0.006526 0.008702
0 0.645064 0.088097 0.007396 0.006091
0 0.571535 0.095058 0.007396 0.008702
0 0.020285 0.389826 0.007396 0.007396
0 0.372049 0.449324 0.012182 0.011747
0 0.586545 0.448889 0.006961 0.010007
0 0.770585 0.635322 0.008702 0.006961
0 0.442315 0.776615 0.008919 0.007396
0 0.610801 0.825997 0.011747 0.010442
0 0.861409 0.804460 0.004351 0.008702
0 0.864454 0.796847 0.006091 0.006961
0 0.885991 0.805766 0.007396 0.010007
0 0.877289 0.810334 0.007396 0.007396
0 0.851348 0.992036 0.005765 0.007940
0 0.495245 0.386662 0.004579 0.006131
