0 0.319817 0.227181 0.009547 0.007741
0 0.363423 0.211570 0.026577 0.010063
0 0.443540 0.164867 0.012901 0.013675
0 0.455796 0.134033 0.019352 0.014449
0 0.374905 0.102812 0.005935 0.006193
0 0.031538 0.469338 0.008386 0.006709
0 0.035214 0.475208 0.008257 0.004515
0 0.101269 0.455791 0.015740 0.007999
0 0.129781 0.433988 0.007741 0.007483
0 0.223831 0.444245 0.015998 0.007096
0 0.239893 0.437988 0.006580 0.006709
0 0.198416 0.479917 0.007225 0.006967
0 0.317237 0.483142 0.006451 0.007999
0 0.251859 0.538456 0.008192 0.007289
0 0.773200 0.247403 0.027802 0.012321
0 0.713274 0.265143 0.013998 0.008063
0 0.580423 0.310168 0.006967 0.007160
0 0.547815 0.321715 0.008450 0.007805
0 0.517142 0.321747 0.005161 0.006322
0 0.669635 0.043531 0.011353 0.017804
0 0.777038 0.200604 0.007354 0.008386
0 0.656798 0.235953 0.007741 0.007225
0 0.872508 0.208022 0.017030 0.007096
0 0.884893 0.218343 0.007741 0.006580
0 0.982749 0.187445 0.006322 0.007483
0 0.756880 0.557744 0.007289 0.005612
0 0.630415 0.590191 0.006451 0.007031
0 0.046116 0.664921 0.012643 0.009676
0 0.057147 0.725686 0.011224 0.007354
0 0.147649 0.724461 0.007225 0.006967
0 0.191368 0.710898 0.006870 0.004806
0 0.166291 0.785677 0.006967 0.006580
0 0.110816 0.825736 0.010966 0.008515
0 0.097979 0.845797 0.007999 0.007096
0 0.065016 0.875277 0.007354 0.006451
0 0.001252 0.879502 0.008450 0.005870
0 0.955399 0.956297 0.010837 0.018707
0 0.630480 0.671082 0.006064 0.006838
0 0.206221 0.046692 0.006580 0.006193
0 0.426022 0.829139 0.005271 0.005904
