0 0.005881 0.472660 0.010389 0.005782
0 0.056157 0.512829 0.004513 0.005077
0 0.167192 0.409456 0.004560 0.004701
0 0.224896 0.247886 0.015795 0.012222
0 0.384304 0.089888 0.011000 0.009872
0 0.435861 0.134229 0.003996 0.004137
0 0.599571 0.261789 0.015983 0.015983
0 0.612310 0.299302 0.006675 0.007333
0 0.399147 0.408528 0.015748 0.009449
0 0.526389 0.662847 0.008015 0.014385
0 0.579098 0.375245 0.012504 0.008838
0 0.521230 0.339048 0.006205 0.005265
0 0.500851 0.390758 0.005312 0.004278
0 0.420278 0.355478 0.004701 0.006675
0 0.234451 0.521220 0.003949 0.005947
0 0.531924 0.761754 0.005829 0.006064
0 0.221923 0.794566 0.004466 0.006252
0 0.688612 0.692792 0.018052 0.008885
0 0.675584 0.634653 0.009308 0.005218
0 0.741444 0.469651 0.013821 0.012269
0 0.871101 0.450066 0.006099 0.004901
0 0.710947 0.261424 0.020802 0.013398
0 0.744617 0.255536 0.006487 0.006699
0 0.853808 0.203885 0.005923 0.005853
0 0.873693 0.122583 0.011846 0.006628
0 0.960283 0.128753 0.006487 0.006558
0 0.765507 0.100071 0.004266 0.004760
0 0.207356 0.046610 0.012410 0.012034
