0 0.048344 0.711031 0.004912 0.005391
0 0.023603 0.537549 0.009105 0.019888
0 0.200800 0.781119 0.006230 0.005751
0 0.662062 0.911531 0.017013 0.018450
0 0.567773 0.875947 0.016773 0.015815
0 0.516854 0.857737 0.011741 0.008147
0 0.371767 0.685931 0.005152 0.005871
0 0.644091 0.683775 0.016773 0.007668
0 0.611503 0.612968 0.009345 0.009585
0 0.656311 0.494837 0.021326 0.008147
0 0.588919 0.484414 0.005152 0.005272
0 0.642533 0.264865 0.007668 0.007308
0 0.655772 0.265464 0.004912 0.004912
0 0.667453 0.293919 0.014377 0.011741
0 0.702438 0.279482 0.006230 0.007548
0 0.756831 0.401686 0.007189 0.009225
0 0.721607 0.369038 0.005032 0.006230
0 0.855313 0.730201 0.007189 0.020727
0 0.865916 0.691742 0.006350 0.007069
0 0.947446 0.723731 0.018450 0.009465
0 0.827517 0.849350 0.022284 0.011262
0 0.859926 0.813587 0.006350 0.010184
0 0.971647 0.612489 0.010543 0.022045
0 0.102737 0.521015 0.010783 0.008387
0 0.466757 0.643670 0.005904 0.005974
0 0.472696 0.642792 0.005552 0.006185
