0 0.062011 0.071411 0.020178 0.009292
0 0.073560 0.343880 0.022833 0.011151
0 0.173985 0.687702 0.005708 0.015399
0 0.713015 0.602676 0.021240 0.007567
0 0.918910 0.599954 0.018850 0.027612
0 0.858244 0.728191 0.014868 0.025488
0 0.824525 0.900898 0.016461 0.025753
0 0.266578 0.988380 0.018850 0.011682
0 0.155902 0.802310 0.007205 0.012008
0 0.159824 0.790382 0.007365 0.011208
0 0.167189 0.848821 0.007045 0.007685
0 0.158223 0.620668 0.006725 0.013609
0 0.154541 0.492821 0.005123 0.008326
0 0.272081 0.152496 0.004777 0.007199
0 0.169777 0.765930 0.005988 0.007065
0 0.170585 0.726637 0.004844 0.007603
