0 0.795224 0.133813 0.019373 0.019213
0 0.654830 0.970678 0.028099 0.037225
0 0.679446 0.976561 0.009126 0.007685
0 0.564769 0.942579 0.008406 0.007445
0 0.336975 0.945100 0.006244 0.008166
0 0.349674 0.946151 0.011107 0.006184
0 0.401699 0.950444 0.005163 0.005163
0 0.399568 0.968366 0.005584 0.006184
0 0.417220 0.966144 0.005103 0.004863
0 0.471766 0.867528 0.005524 0.005884
0 0.255921 0.598787 0.019933 0.032662
0 0.515416 0.236383 0.007205 0.008166
0 0.059408 0.243948 0.006244 0.006484
0 0.055085 0.469700 0.008166 0.008166
0 0.578100 0.078863 0.004979 0.006661
