0 0.093162 0.122261 0.006580 0.007225
0 0.118513 0.161287 0.005677 0.005806
0 0.120642 0.181155 0.007096 0.005290
0 0.102645 0.200830 0.006451 0.007483
0 0.039235 0.252048 0.011998 0.006709
0 0.080680 0.674662 0.006644 0.008966
0 0.091647 0.897886 0.019932 0.014320
0 0.133334 0.747699 0.009708 0.006741
0 0.114063 0.689047 0.005096 0.004838
0 0.238786 0.598383 0.005419 0.005548
0 0.258621 0.606414 0.007160 0.005354
0 0.302228 0.607188 0.006386 0.006773
0 0.305356 0.599350 0.019739 0.007612
0 0.388602 0.600770 0.011934 0.007096
0 0.417017 0.604285 0.006967 0.006902
0 0.551126 0.658954 0.018965 0.011869
0 0.589507 0.674436 0.013159 0.006451
0 0.118997 0.964521 0.005935 0.006838
0 0.046911 0.851635 0.005096 0.005935
0 0.577638 0.998516 0.013030 0.014707
0 0.746064 0.454340 0.007999 0.011611
0 0.787284 0.388350 0.005548 0.007096
0 0.722390 0.373771 0.007870 0.005548
0 0.664899 0.348404 0.006741 0.004999
0 0.559415 0.340518 0.011482 0.011353
0 0.586508 0.290655 0.010708 0.010450
0 0.561286 0.287172 0.005548 0.006193
0 0.491554 0.448954 0.010321 0.006838
0 0.484265 0.180220 0.006322 0.006838
0 0.521485 0.109972 0.005161 0.006709
0 0.523614 0.121455 0.005290 0.005935
0 0.555351 0.044240 0.006064 0.008902
0 0.571994 0.012568 0.004773 0.007999
0 0.577735 0.000376 0.007483 0.008644
0 0.720100 0.006053 0.006322 0.006580
0 0.703200 0.020437 0.005806 0.004128
0 0.704748 0.167319 0.005419 0.005548
0 0.749773 0.251887 0.005677 0.005935
0 0.762965 0.232083 0.006515 0.006967
0 0.845791 0.225020 0.021094 0.008192
0 0.757869 0.570452 0.004838 0.005354
0 0.768126 0.564323 0.008708 0.005870
0 0.733582 0.598093 0.012385 0.009289
0 0.941261 0.959619 0.012192 0.007934
0 0.919748 0.936364 0.006193 0.005677
0 0.900398 0.970050 0.005693 0.004638
0 0.920498 0.112283 0.005482 0.005552
0 0.993906 0.285418 0.005693 0.007871
0 0.451450 0.599288 0.010120 0.008855
0 0.465541 0.103815 0.005552 0.005904
