0 0.364315 0.047912 0.026334 0.028264
0 0.683846 0.413074 0.034507 0.024178
0 0.607624 0.277884 0.006697 0.007378
0 0.589576 0.302061 0.007832 0.007605
0 0.172483 0.361597 0.008173 0.014756
0 0.120155 0.125213 0.006130 0.006697
0 0.513269 0.472837 0.007094 0.007719
0 0.795313 0.328225 0.007265 0.006016
0 0.885156 0.263638 0.007946 0.007719
0 0.845938 0.100184 0.006470 0.010443
0 0.978007 0.190481 0.005676 0.007832
0 0.984818 0.216078 0.007492 0.006584
0 0.698631 0.472185 0.006130 0.006300
0 0.087776 0.828237 0.018275 0.010329
0 0.034994 0.902643 0.009421 0.011578
0 0.042429 0.987719 0.006016 0.006470
