0 0.666612 0.177428 0.007151 0.007038
0 0.706397 0.123511 0.006811 0.007038
0 0.538998 0.388982 0.006357 0.006357
0 0.657729 0.396020 0.005676 0.007265
0 0.013049 0.634930 0.006924 0.007265
0 0.128489 0.535495 0.006016 0.009308
0 0.291660 0.603999 0.006584 0.006357
0 0.499326 0.993792 0.007946 0.006357
0 0.771977 0.982952 0.022021 0.011237
0 0.662951 0.943422 0.006243 0.005959
0 0.800582 0.742765 0.018048 0.024405
0 0.792125 0.704455 0.007265 0.007492
0 0.823568 0.698496 0.007265 0.006924
0 0.414648 0.014427 0.012940 0.009308
