0 0.465753 0.004553 0.006484 0.005584
0 0.431169 0.038265 0.017051 0.009126
0 0.572264 0.014609 0.007685 0.007925
0 0.616995 0.025537 0.006604 0.009126
0 0.597962 0.040487 0.007445 0.008286
0 0.992668 0.023976 0.024497 0.010087
0 0.798017 0.089540 0.007925 0.006244
0 0.810985 0.101308 0.006965 0.008166
0 0.861059 0.098786 0.007685 0.008406
0 0.851453 0.058679 0.006244 0.006965
0 0.797056 0.038986 0.007445 0.006965
0 0.754667 0.154984 0.006004 0.005524
0 0.765475 0.162789 0.006004 0.006004
0 0.839625 0.198753 0.005163 0.006845
0 0.965770 0.227993 0.006725 0.007925
0 0.112955 0.525193 0.032422 0.010087
0 0.198503 0.083353 0.004777 0.006123
0 0.810390 0.181216 0.006392 0.005383
0 0.705126 0.034102 0.007401 0.005181
0 0.816559 0.932212 0.007111 0.006697
