0 0.848432 0.982611 0.008202 0.009260
0 0.837188 0.969117 0.008996 0.008731
0 0.842347 0.956417 0.005027 0.007144
0 0.824091 0.950464 0.021431 0.021167
0 0.623174 0.833287 0.027715 0.014354
0 0.007657 0.896258 0.020770 0.016404
0 0.038745 0.890966 0.007011 0.005556
0 0.582131 0.807160 0.012700 0.010186
0 0.876743 0.790954 0.014287 0.023746
0 0.414187 0.582827 0.005292 0.005358
0 0.228318 0.575121 0.007673 0.005556
0 0.442034 0.464658 0.014155 0.013229
0 0.982509 0.388029 0.006482 0.013361
0 0.509503 0.379397 0.006218 0.015478
0 0.000844 0.654893 0.013494 0.017595
