0 0.301057 0.472483 0.008173 0.019675
0 0.408892 0.458597 0.005827 0.005751
0 0.334126 0.120224 0.005448 0.006357
0 0.325273 0.083598 0.005600 0.006811
0 0.488992 0.218637 0.005070 0.005676
0 0.795431 0.464840 0.011048 0.010443
0 0.934632 0.836359 0.014227 0.006659
0 0.970502 0.870412 0.004540 0.005146
0 0.961042 0.866325 0.006508 0.007870
0 0.722369 0.869655 0.009535 0.006357
0 0.613096 0.906054 0.018616 0.016194
0 0.612226 0.634538 0.006130 0.006962
0 0.280360 0.789252 0.008021 0.006584
0 0.244113 0.976279 0.007416 0.009535
