0 0.181179 0.100227 0.005644 0.006484
0 0.264215 0.144717 0.008406 0.010087
0 0.404829 0.302383 0.006725 0.016091
0 0.855973 0.409676 0.006244 0.007565
0 0.873085 0.428288 0.006124 0.005884
0 0.466551 0.597902 0.009847 0.017772
0 0.170191 0.464973 0.028099 0.014170
0 0.137049 0.456927 0.007445 0.009606
0 0.109550 0.471457 0.006725 0.008886
0 0.156742 0.620958 0.007925 0.008166
0 0.484383 0.413218 0.006364 0.005764
0 0.163016 0.294038 0.007625 0.006244
0 0.814840 0.296303 0.005786 0.006257
0 0.410100 0.857122 0.006594 0.006863
