0 0.951602 0.504677 0.004988 0.005161
0 0.004217 0.249275 0.007913 0.007741
0 0.036041 0.290989 0.005505 0.006193
0 0.496660 0.442278 0.014105 0.018234
0 0.429917 0.582042 0.005161 0.007741
0 0.690781 0.301826 0.014277 0.006709
0 0.701962 0.306212 0.015654 0.007913
0 0.690781 0.343024 0.009805 0.006537
0 0.486769 0.703228 0.008085 0.014793
0 0.491671 0.779862 0.019266 0.013417
0 0.553898 0.854087 0.006967 0.006709
0 0.682696 0.854818 0.004988 0.005075
0 0.690308 0.849228 0.012471 0.006795
0 0.504744 0.883416 0.020126 0.009461
0 0.453397 0.812803 0.005677 0.006021
0 0.257771 0.854732 0.010063 0.012643
0 0.331265 0.754919 0.011869 0.030619
0 0.385020 0.703142 0.009289 0.009977
0 0.100891 0.563980 0.006279 0.005505
0 0.778854 0.553315 0.008945 0.011525
0 0.806290 0.588923 0.007053 0.006021
0 0.944936 0.947062 0.006021 0.006709
0 0.892471 0.971919 0.006021 0.005505
0 0.068537 0.714398 0.006945 0.005498
