0 0.950161 0.941044 0.005990 0.006230
0 0.941415 0.676028 0.007189 0.007189
0 0.996886 0.248491 0.005152 0.005032
0 0.789109 0.324630 0.005931 0.006829
0 0.561922 0.001626 0.007069 0.009105
0 0.334286 0.047423 0.005032 0.006829
0 0.159366 0.031848 0.005511 0.008267
0 0.139178 0.046345 0.007308 0.007308
0 0.197435 0.150698 0.005212 0.005871
0 0.000380 0.210842 0.023003 0.008626
0 0.505253 0.599919 0.016294 0.017252
0 0.512681 0.545047 0.010543 0.008866
0 0.611403 0.502755 0.006230 0.006230
0 0.635185 0.712719 0.006350 0.005152
0 0.406411 0.652755 0.009105 0.007668
0 0.394011 0.656050 0.007308 0.006589
0 0.380472 0.661561 0.008027 0.006350
0 0.441275 0.688577 0.012700 0.007428
0 0.226399 0.746774 0.005631 0.005931
0 0.191594 0.750998 0.006829 0.006470
0 0.095298 0.756179 0.006170 0.005331
0 0.182609 0.827974 0.005511 0.004792
